9.51866e-05
0.000108745
0.000111057
7.39954e-05
9.27875e-05
0.00012355
6.91475e-05
0.000101969
0.000110181
9.07127e-05
0.000131693
0.000120627
6.31422e-05
7.46783e-05
0.00013019
0.000126692
5.53953e-05
0.000124371
0.000106853
0.000110205
0.00014423
0.000107307
0.000113338
0.000142009
9.2264e-05
8.07536e-05
0.000131655
9.23493e-05
0.000120995
0.000101063
8.87865e-05
2.49312e-05
8.04537e-05
0.000127032
0.000121297
9.5239e-05
9.34256e-05
0.000113841
2.49312e-05
9.64759e-05
8.43455e-05
0.000114674
0.000156557
0.000127127
7.74447e-05
7.65685e-05
0.000120253
2.49312e-05
2.49312e-05
9.30279e-05
0.000131407
9.96837e-05
7.79667e-05
7.29831e-05
0.000116654
0.000109523
9.48512e-05
7.92417e-05
0.00012789
9.76898e-05
9.28957e-05
0.000113676
0.000109196
6.33951e-05
8.28528e-05
0.000136551
8.82207e-05
0.000124908
6.50549e-05
0.000143852
9.98196e-05
8.54465e-05
0.000101441
7.88357e-05
9.62097e-05
0.00011372
9.25842e-05
7.98516e-05
9.99042e-05
9.93506e-05
0.000137844
8.93267e-05
8.02414e-05
6.8725e-05
0.000113062
6.56603e-05
0.000109936
0.000132592
7.54624e-05
7.73409e-05
9.95835e-05
8.9047e-05
0.000117622
0.000111157
9.09173e-05
9.95205e-05
0.000116474
0.000103176
8.14395e-05
9.19327e-05
0.000100727
7.67476e-05
0.000106224
0.000145986
0.000126052
0.000135886
8.39665e-05
0.00014404
0.000121341
8.7038e-05
8.4661e-05
8.13395e-05
7.99014e-05
2.49312e-05
8.54822e-05
0.000101273
0.000117517
0.000109303
8.36659e-05
8.91815e-05
0.000129452
0.000103966
0.000108812
0.000137529
9.32612e-05
0.000107023
0.000137548
0.000117704
7.38081e-05
0.000100241
0.000138034
0.000109682
2.49312e-05
2.49312e-05
0.000150568
7.9769e-05
0.000102001
0.000123439
2.49312e-05
0.000117483
0.000117061
0.000134287
0.000124165
0.00010747
9.05148e-05
0.000113474
8.78855e-05
8.20199e-05
0.00012946
0.000140261
8.33567e-05
0.000120846
7.85521e-05
0.000109696
0.000105615
6.87422e-05
9.33135e-05
8.20062e-05
0.000111968
8.71384e-05
0.00010712
0.000109933
0.000102486
9.93776e-05
9.94241e-05
8.35737e-05
0.000109974
6.03402e-05
0.000124544
0.000161508
9.45754e-05
0.000102127
7.08456e-05
9.3125e-05
8.84568e-05
0.000142483
0.000112802
0.000125285
0.000122082
0.00010026
0.000117218
0.000102648
8.02966e-05
0.000105912
0.000120618
0.000112501
7.04929e-05
8.01207e-05
0.000125897
0.000171798
0.000111459
0.000112793
0.000102855
0.000104017
6.96818e-05
9.03945e-05
0.000147685
9.90505e-05
0.000139393
0.000117805
0.000125864
0.000110578
0.000126542
8.43603e-05
0.000132413
0.000147147
9.08129e-05
0.00010187
9.32105e-05
9.997e-05
0.000109755
9.53235e-05
0.00012302
0.000107796
0.000135957
0.000117758
0.000125072
0.000126233
0.000105529
9.52136e-05
0.000100813
9.05139e-05
7.78695e-05
2.49312e-05
0.000105392
9.84254e-05
9.80942e-05
5.62348e-05
9.52966e-05
0.000116849
5.51911e-05
0.000132963
0.000117016
0.000100329
7.00119e-05
9.38584e-05
0.000101508
0.000166746
6.69035e-05
0.000110072
2.49312e-05
0.000101379
0.000133267
2.49312e-05
8.84887e-05
7.67006e-05
9.50802e-05
0.000122868
0.000104819
8.65722e-05
0.000123234
0.000116167
9.82283e-05
8.28564e-05
8.19576e-05
6.61118e-05
9.77402e-05
0.000117676
0.000118251
8.17762e-05
8.33384e-05
0.000128518
0.000104265
7.78498e-05
0.000125427
0.000126638
0.000129447
8.84606e-05
2.49312e-05
8.97018e-05
9.34435e-05
0.000100847
0.000117452
0.000100021
8.07189e-05
6.42662e-05
9.22758e-05
7.84631e-05
9.74471e-05
0.000162391
0.000100015
0.000139562
8.06223e-05
0.000102717
0.000125224
9.64744e-05
0.000126528
0.000105821
8.90466e-05
2.49312e-05
0.000111731
0.00011844
0.000126898
2.49312e-05
0.000135771
9.49478e-05
0.0001241
5.05097e-05
9.39889e-05
0.000139741
9.46704e-05
0.000109082
0.000129353
0.000125622
6.83149e-05
0.000100252
0.00010005
9.71686e-05
0.000107592
0.000150053
2.49312e-05
0.000128206
0.000163652
0.000108171
0.000143955
7.77006e-05
7.36958e-05
0.000107848
9.68845e-05
0.000110496
2.49312e-05
8.68108e-05
9.19952e-05
8.48689e-05
0.000148131
0.000109481
0.000148598
0.000100026
0.000110943
0.000105322
0.000133874
0.000142445
0.000114093
8.74502e-05
0.000132492
0.000120785
0.000118168
9.79498e-05
9.50191e-05
9.67786e-05
0.000157477
9.05203e-05
0.000101183
7.09288e-05
0.000121678
6.80504e-05
3.57518e-05
0.000137334
0.00010408
8.36734e-05
0.000124424
0.000142954
0.000102983
6.14049e-05
0.000114812
6.9611e-05
0.00011329
8.85965e-05
0.000102571
8.25456e-05
0.000111412
0.000110417
0.000117112
9.80833e-05
0.000125191
0.000149018
0.000129879
0.000105246
0.00010204
2.49312e-05
0.000100672
0.000136042
0.000108524
0.000107044
0.000110282
0.000101345
9.14419e-05
0.000132146
8.11539e-05
0.000103237
6.50624e-05
8.69496e-05
7.50777e-05
2.49312e-05
9.34634e-05
0.000112921
9.09567e-05
0.000122777
0.000121174
0.00011415
8.55855e-05
7.88162e-05
0.000131326
0.000112211
8.12566e-05
0.000109185
0.000127066
0.000122079
8.5506e-05
0.000108306
0.000113428
6.79431e-05
5.63187e-05
0.000102563
0.000101482
0.000110616
8.15366e-05
0.000111804
0.000138947
9.3396e-05
0.000124916
0.000100171
0.000116314
0.000140368
0.000126897
0.000112653
0.000128385
0.000108351
0.000134333
2.49312e-05
7.37676e-05
7.96301e-05
8.75212e-05
7.04743e-05
0.00010895
0.000113995
0.000122402
0.00010741
8.82273e-05
0.000103059
0.000132028
9.41063e-05
0.00010473
0.000120898
9.26701e-05
7.72781e-05
0.00010856
8.26575e-05
0.000105007
0.000117475
0.000112942
0.000169436
0.00011748
8.86741e-05
8.95306e-05
0.000102419
0.000117149
9.5955e-05
0.000117156
9.67479e-05
9.1655e-05
0.000105402
7.27227e-05
2.49312e-05
9.12139e-05
7.23142e-05
9.60765e-05
0.000107636
0.00010634
6.98786e-05
9.86401e-05
0.000125592
9.38086e-05
7.72164e-05
0.00011244
2.49312e-05
9.7902e-05
2.49312e-05
0.000103959
0.000102389
7.64841e-05
8.01908e-05
0.000101621
7.24486e-05
0.000107756
9.98752e-05
0.000115338
0.000106716
9.928e-05
9.27904e-05
0.000107912
0.000121492
7.04292e-05
0.000119267
0.000128749
0.000108488
8.37005e-05
8.07249e-05
0.000118599
8.83159e-05
0.000157639
6.42811e-05
0.000101208
0.000155412
6.4249e-05
8.14391e-05
7.14346e-05
0.000121646
9.18499e-05
9.48843e-05
9.50009e-05
0.000108792
7.75007e-05
0.000112217
8.25385e-05
0.000131388
9.64081e-05
6.42629e-05
9.36517e-05
5.56254e-05
9.01392e-05
9.54167e-05
0.00010515
7.82598e-05
6.92992e-05
0.000136602
0.000105255
0.000105646
0.000110638
2.49312e-05
8.6784e-05
0.000123864
0.000164374
9.53497e-05
0.000109428
8.39974e-05
9.79264e-05
8.44269e-05
8.9408e-05
9.21164e-05
9.23122e-05
0.000117276
0.00012574
0.000111566
6.8043e-05
9.71099e-05
8.91703e-05
8.79349e-05
6.74126e-05
0.000108433
7.46239e-05
7.66959e-05
0.000120852
9.94952e-05
0.000144739
0.000100217
0.000110408
0.000126547
0.000115165
9.23332e-05
0.00010497
7.14167e-05
0.000114312
0.000132191
0.000123357
8.41051e-05
0.00010339
0.000128886
8.02439e-05
0.000110641
0.000127348
9.88e-05
7.34288e-05
5.67893e-05
8.59925e-05
0.000138056
0.000122204
0.000151522
9.00955e-05
0.00010431
0.00011013
0.000125583
0.000115114
8.8684e-05
7.65205e-05
0.000118354
9.48534e-05
0.000102282
0.00010181
0.000110591
9.88154e-05
6.68647e-05
0.000104136
0.00013335
7.84813e-05
9.92166e-05
9.06296e-05
0.00012055
9.14355e-05
9.76522e-05
0.000107936
6.57083e-05
0.000124492
7.74224e-05
8.84e-05
2.49312e-05
9.17588e-05
0.000106079
0.000135983
0.000122289
0.000104684
8.94728e-05
0.000105544
0.000123158
9.98687e-05
9.05969e-05
0.000130565
0.00013331
0.000125311
9.37845e-05
0.000100663
2.49312e-05
0.000112268
8.96853e-05
0.000147631
9.15213e-05
0.00010229
2.49312e-05
0.000124696
0.00012041
0.000111258
0.000117486
0.000112967
9.10977e-05
9.18733e-05
7.27484e-05
5.92692e-05
8.82185e-05
0.000118532
7.37382e-05
0.000105335
9.17216e-05
8.36333e-05
0.00010315
0.000102977
9.06073e-05
5.21851e-05
0.000112133
0.000107893
0.000134574
0.000104546
7.27271e-05
0.00013597
0.000102027
0.000114363
0.000120626
8.33523e-05
0.000138388
8.63552e-05
9.41072e-05
9.60057e-05
0.000112926
0.000113407
2.49312e-05
0.000124675
0.000125137
2.49312e-05
2.49312e-05
6.90288e-05
0.000101081
8.05921e-05
7.62874e-05
0.000116368
0.000107089
0.000104685
0.000115784
9.04347e-05
9.28526e-05
8.82554e-05
9.31975e-05
9.49366e-05
0.000110032
0.000113084
0.000100927
8.02183e-05
0.000102861
0.000117305
9.49668e-05
0.000119343
0.000122265
5.67442e-05
0.000130941
0.000104418
0.000120621
9.70201e-05
0.00013447
9.9848e-05
9.34544e-05
9.73762e-05
8.3005e-05
7.65628e-05
0.000100392
0.000107063
8.17282e-05
0.000118193
0.000115477
9.99978e-05
8.2367e-05
8.48869e-05
9.43693e-05
0.000122742
8.97719e-05
8.93616e-05
0.000117609
0.000102537
8.88596e-05
0.000147356
0.000106964
7.87022e-05
9.17526e-05
9.77254e-05
9.68914e-05
8.21908e-05
0.000132283
0.000115231
0.000134045
0.000135955
0.000116838
7.92035e-05
8.0645e-05
9.35164e-05
0.000134707
8.62435e-05
0.000133622
0.000105926
0.000144378
9.7118e-05
0.000126971
6.97251e-05
6.22298e-05
6.54515e-05
2.49312e-05
0.000103677
0.000147907
7.3104e-05
8.11538e-05
0.000113155
7.78466e-05
0.00011148
7.9229e-05
8.4813e-05
6.8841e-05
6.07245e-05
0.000140631
9.7836e-05
0.000106963
8.47383e-05
7.22158e-05
0.000109453
0.000124305
9.74715e-05
0.000105402
0.000138203
0.000104169
0.000127682
7.78189e-05
9.81469e-05
0.000129407
6.606e-05
0.000110346
0.000122779
8.86739e-05
6.58762e-05
0.000109854
0.000118974
0.000122128
0.000117975
0.000125972
8.75026e-05
8.28444e-05
9.20422e-05
0.000114335
0.000123476
2.49312e-05
2.49312e-05
0.000104517
8.51642e-05
9.62371e-05
7.61759e-05
8.68563e-05
8.99443e-05
0.000112018
5.71717e-05
8.87768e-05
0.000103773
0.000128595
0.000103521
0.000135042
0.000137712
0.000135997
0.000104487
0.000124409
0.000111113
9.89116e-05
0.000111069
9.69007e-05
6.49113e-05
9.88788e-05
0.000157102
7.93009e-05
0.000120702
9.05295e-05
8.90131e-05
8.11137e-05
9.62529e-05
8.21011e-05
0.000137272
6.27613e-05
0.000105888
0.000112013
0.000100532
0.000111159
7.90093e-05
0.00014626
0.000112889
6.22591e-05
0.000108002
0.000126971
0.000142197
0.000109608
0.000118399
8.81056e-05
0.00010161
9.67009e-05
2.49312e-05
0.000120693
8.034e-05
0.000117391
8.05647e-05
0.000110404
8.6137e-05
0.000123653
6.78853e-05
8.74764e-05
0.000100258
7.1828e-05
0.000143102
9.89831e-05
0.000116206
8.8854e-05
0.00010021
8.70149e-05
6.8093e-05
9.40483e-05
0.000107929
0.000111385
8.44754e-05
2.49312e-05
0.000118387
0.000132948
9.65978e-05
8.06401e-05
7.33321e-05
8.06768e-05
0.000108846
7.74282e-05
8.95758e-05
0.000105594
7.05035e-05
2.49312e-05
0.000128265
0.000116643
0.000125871
8.64846e-05
0.000100208
9.17064e-05
0.000168634
0.000129049
0.000120486
0.000117411
2.49312e-05
0.00010018
7.48657e-05
8.27541e-05
0.00012259
8.95997e-05
0.000133959
0.000110374
6.82678e-05
0.000132101
8.36407e-05
0.000105977
8.06939e-05
9.80247e-05
0.000110705
0.000108041
8.1812e-05
9.49839e-05
0.000132477
0.000119949
0.000160113
0.000135785
8.54829e-05
0.000100405
8.35987e-05
9.06868e-05
0.00013662
0.000139381
0.00012348
0.000118609
0.000109669
9.47339e-05
7.91245e-05
9.91619e-05
9.6485e-05
0.000120578
0.000105253
0.000133459
0.000113021
8.56161e-05
0.00010196
7.54455e-05
0.000114041
5.63034e-05
9.63644e-05
9.64744e-05
0.000112139
8.85562e-05
0.000115282
9.16323e-05
0.000108845
0.000116024
9.183e-05
8.38987e-05
7.379e-05
2.49312e-05
0.000119988
0.000151215
0.000121049
2.49312e-05
9.1885e-05
0.000109122
9.71014e-05
0.000143183
7.60101e-05
9.47212e-05
0.000126952
0.000127212
8.53759e-05
7.47828e-05
9.86205e-05
9.35529e-05
8.35989e-05
8.34482e-05
0.00010716
8.0016e-05
6.7462e-05
7.87222e-05
8.07022e-05
8.3153e-05
9.66951e-05
0.000100856
8.94172e-05
0.000125631
9.79488e-05
2.49312e-05
0.000115552
0.000113494
9.82628e-05
8.41191e-05
0.000100932
0.000130184
0.000125948
0.000105944
0.000110878
0.000139697
9.65307e-05
0.000106342
0.000111512
7.54715e-05
9.11631e-05
0.000121709
8.33745e-05
7.42238e-05
8.43952e-05
0.000125842
0.000117403
0.000112238
0.000118545
0.000117948
0.000123263
9.67425e-05
6.9402e-05
9.64495e-05
0.000106008
0.000130586
2.49312e-05
0.000116965
0.000126538
9.30358e-05
0.000122747
8.92245e-05
0.000107565
8.37938e-05
0.000123427
0.000121189
0.000105227
0.000105373
0.000107264
0.000109068
