0.000124744
0.000116948
0.000107619
0.000117117
0.000132012
0.000147046
9.36893e-05
0.000113634
0.000112118
0.000123976
0.000109489
7.94841e-05
9.9129e-05
6.84171e-05
0.00010314
0.000108002
0.000107268
0.000102273
8.81056e-05
0.000100821
0.000111034
0.000111181
0.000127767
9.5206e-05
0.000104063
0.000125344
9.18272e-05
9.48161e-05
0.000118827
0.000112926
9.76254e-05
0.000124861
2.49312e-05
0.000151133
0.000104248
0.000103144
0.000132806
0.000105268
6.92202e-05
0.000120912
0.000117388
0.00010522
0.000121999
0.000137361
7.74241e-05
8.34811e-05
2.49312e-05
0.000130175
2.49312e-05
9.5754e-05
0.000114331
0.000132019
0.000132076
2.49312e-05
0.000113571
8.73573e-05
0.000120301
0.000111111
0.000126942
0.000104021
0.000123228
0.000109628
2.49312e-05
8.89614e-05
9.2403e-05
0.000118688
0.000105798
8.6452e-05
9.47541e-05
0.000133589
0.000157151
0.000125714
0.000140927
0.000122492
9.16218e-05
9.63757e-05
0.000121132
0.000123663
6.83052e-05
0.000128184
9.90192e-05
9.19994e-05
2.49312e-05
0.000112171
7.35479e-05
0.000149826
9.6652e-05
9.73418e-05
0.000119027
0.000123541
2.49312e-05
0.000103695
0.000108356
9.83975e-05
9.6645e-05
6.93292e-05
0.000121135
0.000109288
0.000104871
8.0502e-05
0.000119985
8.95199e-05
8.21147e-05
0.000118707
8.59785e-05
9.21715e-05
9.17002e-05
0.000112683
9.79665e-05
0.000122408
0.0001231
0.000129152
0.000133979
0.000143609
0.000114086
8.2779e-05
2.49312e-05
0.000108124
0.000106662
0.000141082
0.000105983
9.94047e-05
0.000103905
9.1478e-05
7.04815e-05
0.000103323
0.000150344
0.000105297
0.000116759
9.50903e-05
6.39095e-05
0.000100686
0.00010617
6.57094e-05
0.000112089
0.000102335
0.000105759
9.95911e-05
0.000102775
0.000122382
0.000100632
8.6773e-05
0.000128179
9.16652e-05
0.000108778
9.4477e-05
0.000111527
8.35461e-05
0.000140268
0.000120529
2.49312e-05
8.38307e-05
0.000105828
0.000106112
2.49312e-05
0.000129899
0.000116941
0.000116366
0.00010556
0.000125535
2.49312e-05
0.000107339
9.72072e-05
9.51145e-05
0.000124034
8.16146e-05
0.000103172
0.00011759
0.000112224
8.50686e-05
0.000112214
8.55551e-05
7.58642e-05
8.23881e-05
9.62145e-05
0.000149621
0.000101614
8.23263e-05
5.39394e-05
0.000110081
0.000114569
9.15406e-05
2.49312e-05
0.00012003
8.4939e-05
0.000103092
0.0001253
0.000125352
0.000128699
2.49312e-05
7.89556e-05
0.000104507
8.60006e-05
0.000128469
8.82513e-05
7.78984e-05
0.000129228
2.49312e-05
0.000106207
0.000106216
0.000158295
0.000119395
0.000115935
0.00011032
7.71575e-05
0.000115616
0.000129237
9.62575e-05
0.000122064
9.89084e-05
0.00010982
0.000118239
9.62348e-05
8.85015e-05
0.000117963
8.69343e-05
0.000106996
0.000124927
0.000119077
0.000105791
0.000102832
0.000114211
0.000131432
0.000128593
0.000113656
6.92428e-05
0.000155572
9.02905e-05
0.000121488
7.7079e-05
9.92629e-05
9.48487e-05
0.00011783
0.000119914
0.00012209
9.33426e-05
6.94133e-05
0.000102247
0.000108613
2.49312e-05
8.0861e-05
0.00011157
7.78906e-05
0.000107236
8.75647e-05
8.8686e-05
0.000120941
8.65499e-05
0.000162501
9.47314e-05
8.94277e-05
9.19482e-05
9.79338e-05
9.11084e-05
7.86561e-05
0.000119262
0.000115156
0.000166736
0.000115238
0.000104056
0.000113085
9.25238e-05
0.000136401
0.000113085
0.000107444
0.000105626
0.000108862
0.000120124
9.37835e-05
9.8033e-05
4.56437e-05
0.000113617
8.2026e-05
7.40839e-05
0.000135318
9.18728e-05
0.00010466
8.65377e-05
9.82916e-05
0.000128065
0.000111836
9.36005e-05
0.000105303
7.30529e-05
0.000119063
9.42033e-05
0.00019554
8.25246e-05
8.38355e-05
0.000110114
8.37673e-05
8.64833e-05
6.32352e-05
0.000116764
0.00011431
0.000122078
0.00012403
0.000100141
9.69584e-05
9.97084e-05
8.86143e-05
7.89211e-05
9.37365e-05
9.9424e-05
0.000110773
0.000117953
0.000119517
9.07036e-05
0.000106859
8.30405e-05
0.000126456
0.000111288
0.000107356
9.09481e-05
0.00010263
9.4236e-05
0.000111549
9.608e-05
8.03868e-05
8.58631e-05
8.42445e-05
9.88183e-05
0.000103801
0.000134588
0.000112704
0.00011392
6.4116e-05
8.14418e-05
0.000143579
0.000110464
2.49312e-05
8.48304e-05
2.49312e-05
0.000111165
9.12765e-05
0.000133896
9.44362e-05
5.68317e-05
0.000105118
9.79235e-05
0.000123786
0.000121734
6.37684e-05
9.21744e-05
9.78693e-05
0.000123704
9.98241e-05
0.000110527
0.000156816
8.67899e-05
0.000112251
0.00012499
4.61448e-05
7.59602e-05
2.49312e-05
2.49312e-05
0.000107109
8.22208e-05
0.000138103
0.000113793
9.80087e-05
0.000139282
7.10398e-05
6.91421e-05
9.42595e-05
9.23564e-05
0.000102941
0.000111914
0.000111597
9.83009e-05
7.30094e-05
0.000121154
0.000132685
8.16047e-05
8.56396e-05
9.37637e-05
9.73341e-05
0.000124315
0.000100628
8.28652e-05
9.02234e-05
0.000132794
0.000107272
0.000108789
0.000111371
9.25138e-05
0.00014149
0.000116874
0.000146582
0.000110633
0.000108274
8.95849e-05
8.88781e-05
0.000133954
0.00014775
9.28875e-05
0.000102235
9.34841e-05
2.49312e-05
9.49442e-05
0.000100035
9.41116e-05
9.36151e-05
0.000124896
8.75087e-05
9.36375e-05
5.80658e-05
0.000108379
0.000109102
6.6088e-05
6.59799e-05
0.000116637
7.74801e-05
2.49312e-05
9.76183e-05
6.05715e-05
0.000125228
0.000133913
0.000126971
0.000133017
0.000117755
0.000105935
0.000104361
6.45344e-05
0.000133998
0.00011634
0.000105443
0.000129903
8.40769e-05
9.56426e-05
0.000148935
8.94397e-05
7.44753e-05
9.1225e-05
9.82604e-05
0.000117743
0.000107494
0.000113811
0.000116668
0.000139188
0.000108876
0.000131696
0.000120237
9.01206e-05
0.000102132
0.000119976
8.26272e-05
0.000102954
0.000134188
0.000143244
0.000142081
0.000134022
0.000102757
0.000117119
0.000101592
0.000106517
9.58139e-05
0.000105347
0.000104332
0.000103155
7.62088e-05
7.08392e-05
9.21557e-05
5.99405e-05
0.00010236
7.47895e-05
0.0001408
0.000112159
0.000111449
0.000131533
8.01324e-05
8.56119e-05
0.000155679
0.000114819
9.19683e-05
9.78609e-05
0.000127757
9.61007e-05
9.0537e-05
0.000107479
0.000118675
5.5311e-05
0.000130625
0.000110871
8.20008e-05
0.000120016
0.00011476
0.000115999
7.70479e-05
9.89421e-05
0.000109425
9.07003e-05
9.40984e-05
9.53536e-05
0.000154353
7.26374e-05
0.000100303
0.000113371
0.000121183
0.000136066
7.57413e-05
0.000132032
7.35303e-05
0.000103528
7.18148e-05
0.000129668
2.49312e-05
0.000102349
0.00012613
0.000108326
7.54257e-05
0.000110073
0.000140081
0.000122115
0.000136779
8.36894e-05
0.000104365
0.000159275
9.49218e-05
8.33895e-05
8.92247e-05
6.73658e-05
0.000125
0.000137053
0.000125271
0.000100058
0.000134142
8.94128e-05
0.000122252
0.000128184
9.04127e-05
0.000107076
0.00011131
2.49312e-05
0.000117265
0.000101775
7.9668e-05
0.00013218
0.000107159
0.000104087
2.49312e-05
9.02894e-05
8.58196e-05
0.00012259
0.000103074
0.000123973
9.75344e-05
0.000100601
8.997e-05
9.7648e-05
9.10443e-05
0.000125435
0.000116859
0.000106619
6.58337e-05
9.59703e-05
7.95528e-05
0.000130813
0.000112232
0.000116352
6.74342e-05
0.000109178
0.000116193
9.87668e-05
0.000106384
0.000124331
8.36787e-05
0.000105211
0.000111035
0.000101874
9.03606e-05
0.000113518
0.000105231
2.49312e-05
8.17809e-05
0.000122591
7.64927e-05
0.000110127
0.000118682
0.000143364
0.000107689
0.000105728
8.19797e-05
0.000117283
8.12098e-05
8.79924e-05
6.6597e-05
0.000106747
0.000112126
0.000108745
0.000112237
0.000133436
0.000112048
7.48471e-05
6.69425e-05
0.000100518
9.64738e-05
0.000122831
0.000114787
0.000132038
0.000112995
0.000112844
0.00010626
0.000111996
9.91929e-05
0.000100533
0.000102648
2.49312e-05
0.000109401
0.000113367
7.45213e-05
0.000139095
6.84159e-05
0.000127156
0.000157504
0.000119513
0.000122178
0.00011927
0.000114788
0.000151665
0.000108106
8.43786e-05
2.49312e-05
9.20466e-05
5.67583e-05
9.82102e-05
0.000113051
0.00011046
0.000121361
0.000103305
0.000117611
8.0801e-05
0.000129679
0.000122967
0.000100847
7.54681e-05
9.59011e-05
9.82053e-05
9.99176e-05
0.000100273
9.62227e-05
0.000110594
0.000126106
8.11928e-05
7.55521e-05
0.000103311
0.000102783
0.000118916
9.58275e-05
9.99133e-05
6.37447e-05
0.000113197
0.000126732
0.000122604
0.000113356
8.35355e-05
0.000118368
0.000101746
0.000121021
0.00011777
0.000102838
7.61339e-05
0.00011246
0.000117964
0.000123468
8.35003e-05
8.06714e-05
8.4406e-05
0.000100175
0.00014048
0.00010808
7.35711e-05
8.75734e-05
0.000117502
8.26142e-05
0.00011665
8.74848e-05
0.000114274
0.000118071
0.000116095
0.000112029
0.000100794
0.00010413
0.000129408
0.000121409
8.95444e-05
0.000107588
9.94031e-05
0.000110814
0.000118515
0.000130484
0.000139673
0.000121878
0.000103762
9.84059e-05
0.000110901
6.52608e-05
0.000102697
0.00013506
0.00010108
0.000130905
8.62748e-05
9.45016e-05
0.000135519
0.000101124
0.000101301
0.000115369
0.000112394
0.000109894
0.000106034
6.72312e-05
0.00011556
9.72161e-05
0.000136206
0.000101424
8.39179e-05
0.000131486
6.39285e-05
9.6362e-05
2.49312e-05
0.000129397
9.44039e-05
6.56517e-05
9.42069e-05
2.49312e-05
8.71036e-05
9.63209e-05
9.62647e-05
0.000102356
9.34648e-05
8.33479e-05
8.94524e-05
9.87283e-05
2.49312e-05
0.000130168
0.000125073
9.32164e-05
0.000109006
0.000111185
5.14465e-05
8.04127e-05
9.41396e-05
9.55934e-05
8.00079e-05
8.49713e-05
9.81431e-05
8.00987e-05
0.00012436
8.73078e-05
0.000106721
0.000115157
0.000105513
9.46669e-05
0.000133105
0.000106756
0.000139952
0.000112345
2.49312e-05
8.73474e-05
2.49312e-05
0.000119545
2.49312e-05
0.000129242
9.86273e-05
8.42052e-05
9.19233e-05
7.62412e-05
0.000118911
0.000113945
0.000109879
8.81137e-05
0.000121535
0.000107389
9.95027e-05
9.32113e-05
0.000110526
0.000137357
0.000100975
8.52984e-05
9.84668e-05
0.000132934
0.000109673
9.78857e-05
9.84539e-05
6.95355e-05
8.90532e-05
0.000139636
2.49312e-05
6.9651e-05
8.87018e-05
8.20145e-05
8.7558e-05
9.96247e-05
7.7853e-05
0.000116358
6.27135e-05
0.000112144
0.000107787
0.000110636
0.000102413
6.81315e-05
2.49312e-05
9.06694e-05
8.96529e-05
9.33485e-05
0.000123438
0.000133153
7.20141e-05
8.51587e-05
8.82763e-05
9.4338e-05
9.48609e-05
2.49312e-05
9.60156e-05
8.65346e-05
7.31783e-05
2.49312e-05
8.27809e-05
0.0001011
0.000120586
8.93078e-05
0.000111365
8.23237e-05
0.000130223
0.00011139
0.000134156
0.000101579
8.29881e-05
0.000106
0.000128329
8.95057e-05
9.47446e-05
0.000105733
2.49312e-05
0.000105412
0.000108167
0.000128651
9.03556e-05
8.62284e-05
0.000101682
0.000136082
0.000116548
0.000123118
0.000127869
9.69097e-05
9.7947e-05
0.000144439
0.000111735
0.000146292
0.000105134
0.000126983
9.70583e-05
0.000124514
9.20162e-05
0.000105157
9.49787e-05
9.16714e-05
2.49312e-05
7.62231e-05
8.39689e-05
7.44609e-05
2.49312e-05
6.97789e-05
9.7633e-05
8.04741e-05
0.000105054
0.000113133
9.34697e-05
8.95072e-05
0.000122814
9.22495e-05
0.00010077
0.000144683
0.000119869
0.000118784
0.000107816
0.000111849
0.00011227
2.49312e-05
9.7967e-05
0.000124085
0.00010301
2.49312e-05
0.000141149
0.000153179
0.000104489
0.000104774
2.49312e-05
8.87014e-05
0.000107673
0.000130914
7.07979e-05
0.000123545
9.47437e-05
0.000119228
8.40684e-05
0.000126914
0.000102171
4.00237e-05
9.35305e-05
2.49312e-05
8.30656e-05
0.000103046
8.04677e-05
0.00011616
0.000100922
0.000114735
0.000132937
0.000122046
2.49312e-05
8.88898e-05
0.000102247
9.03401e-05
9.53047e-05
0.000125446
7.38218e-05
7.23211e-05
0.000123027
9.27877e-05
2.49312e-05
6.16649e-05
0.000109355
9.22827e-05
9.00055e-05
0.000105445
0.000149329
0.000117802
0.000120069
0.00013091
0.000111441
2.49312e-05
0.000109288
0.000107793
0.000108514
8.2804e-05
6.7994e-05
0.000125404
9.97707e-05
8.58096e-05
0.00010056
8.75247e-05
0.000117079
7.41416e-05
6.41151e-05
0.000131664
0.000106517
0.000107043
8.64719e-05
0.000100928
0.00011544
0.000122043
0.000145821
0.000136363
0.000128927
0.000106172
0.000120589
0.000120466
9.03686e-05
9.44391e-05
0.000111126
8.31075e-05
8.97264e-05
2.49312e-05
7.12714e-05
9.91673e-05
9.07825e-05
0.000100018
7.82475e-05
0.000113077
0.000104029
7.58614e-05
0.000105695
0.000111999
0.000117193
0.000131738
0.000105651
0.00010938
2.49312e-05
0.000119494
0.000125316
0.000141153
0.000115423
8.79493e-05
2.49312e-05
0.000130028
9.22648e-05
0.000109136
0.000106302
0.000125911
0.000108278
8.18489e-05
0.000134128
0.000111142
2.49312e-05
0.000127412
0.000135247
6.48867e-05
6.75654e-05
0.000100898
9.93941e-05
