0.000135821
0.000122714
8.74366e-05
0.000106013
6.96857e-05
0.000135446
0.000103944
0.000100004
0.00010033
2.49312e-05
0.00014102
8.8222e-05
0.000112837
2.49312e-05
8.16224e-05
0.000111647
0.000106978
8.23478e-05
0.000103789
6.02948e-05
0.000114422
0.000154762
9.92433e-05
9.68874e-05
0.000100208
0.000108796
9.64334e-05
0.000128596
0.00010211
0.000127135
9.26935e-05
0.000143524
8.23615e-05
0.000110048
7.55608e-05
9.58813e-05
9.44804e-05
0.000126882
9.83888e-05
0.000102657
9.54758e-05
9.32651e-05
0.000115504
0.000122726
0.000129769
0.000120598
0.000122929
0.000101847
0.000105505
9.90404e-05
7.65112e-05
0.000116698
9.88995e-05
0.00013707
0.000116745
0.000123631
9.33784e-05
0.000109212
8.61239e-05
0.000106999
2.49312e-05
0.000133256
0.000118663
9.66975e-05
0.000108593
0.000132456
7.69408e-05
0.000111246
0.000142652
0.000113753
0.000132897
0.000131076
0.000116353
8.37638e-05
0.00013382
9.33261e-05
6.67629e-05
0.000146026
0.000113559
7.99478e-05
6.59133e-05
0.000153054
0.000116911
0.000113176
6.83715e-05
0.000123137
6.98131e-05
0.000131352
0.000129789
0.000118195
0.000127894
9.83803e-05
9.6046e-05
0.000111199
0.000112273
0.000148206
0.000114502
0.000101548
0.000140912
8.83288e-05
0.00010926
0.000118298
8.48111e-05
0.000134291
0.00010526
7.24817e-05
0.000124639
0.000107059
0.000107212
8.46847e-05
2.49312e-05
8.7722e-05
0.00010464
0.000103105
6.76217e-05
2.49312e-05
7.68287e-05
7.41129e-05
0.000105985
6.25101e-05
0.00010189
0.000120686
9.95648e-05
9.60989e-05
0.00010675
0.000123503
0.000107119
9.9735e-05
0.000100324
0.000106577
7.38056e-05
9.67704e-05
0.000105462
0.000108128
0.000142634
7.59622e-05
0.000111328
0.000105347
8.6368e-05
0.000121069
9.22458e-05
0.000127248
0.000101807
7.13398e-05
9.47455e-05
0.000157729
5.86553e-05
0.000112923
0.000126954
0.000111385
0.00010049
0.000102333
8.47622e-05
0.000118569
0.000120304
8.28229e-05
2.49312e-05
0.000118685
9.80825e-05
0.000107416
0.000105976
9.96775e-05
9.85011e-05
8.07091e-05
9.16375e-05
0.000102999
0.000115571
8.04107e-05
8.34455e-05
0.000132105
0.000133249
0.000126538
9.76023e-05
8.1727e-05
7.91429e-05
9.51245e-05
8.94321e-05
9.53721e-05
0.000108539
6.79077e-05
0.000104995
2.49312e-05
0.000108552
9.52273e-05
6.55844e-05
8.33928e-05
0.000151441
0.000109144
0.000106623
9.46358e-05
0.000102546
0.000105381
9.26539e-05
9.67814e-05
9.06297e-05
0.000105709
8.96152e-05
0.000102821
0.000108847
9.33486e-05
0.00012297
7.54166e-05
9.3523e-05
8.00572e-05
0.000100255
0.000116375
9.91293e-05
0.000128849
0.000118964
0.000115792
9.78675e-05
7.36325e-05
8.80811e-05
7.43844e-05
7.09067e-05
0.000102516
0.000113843
0.000138422
0.000102975
0.000104115
0.000123548
9.94972e-05
8.88325e-05
7.80159e-05
9.83917e-05
0.000116439
0.000134318
7.73592e-05
9.36965e-05
0.000123272
0.000117217
9.31126e-05
0.00010068
0.000113856
0.000117854
0.00011484
0.000112853
8.07302e-05
0.000125457
0.000117026
2.49312e-05
0.000108418
0.000174483
0.000105695
2.49312e-05
8.16763e-05
0.000152145
9.97506e-05
9.18682e-05
0.000106009
0.000105942
0.000115937
0.000124371
0.000149336
0.000103385
8.37961e-05
7.55146e-05
8.84256e-05
9.39386e-05
6.98468e-05
2.49312e-05
7.81875e-05
0.000103115
7.61002e-05
9.75897e-05
0.000127732
8.28517e-05
8.79112e-05
0.000132144
9.71535e-05
0.000123226
0.000108808
9.26027e-05
0.000111001
0.000118576
7.216e-05
9.82419e-05
8.99302e-05
0.000102074
0.000162719
0.000119747
9.39086e-05
0.000106517
0.000111348
0.000100477
8.75373e-05
8.40039e-05
0.00011642
0.000126952
7.97421e-05
9.97068e-05
9.97346e-05
0.00010993
0.000121925
5.5837e-05
9.75469e-05
0.000103409
0.000115569
0.000114969
7.71243e-05
0.000127603
0.000139601
8.84299e-05
8.06004e-05
8.4597e-05
2.49312e-05
0.000100708
8.53582e-05
9.46823e-05
6.15372e-05
9.86721e-05
9.23635e-05
0.000102875
0.000131443
2.49312e-05
0.000103063
0.000106365
9.8157e-05
0.000109851
2.49312e-05
0.000117615
7.33668e-05
0.000100597
9.1719e-05
0.000106545
0.000110076
8.81394e-05
6.44081e-05
0.000104883
9.47257e-05
2.49312e-05
0.000133135
8.12353e-05
9.92105e-05
9.27554e-05
8.90375e-05
0.000122257
9.77541e-05
8.82067e-05
6.92031e-05
0.000155578
0.000115193
0.000116233
0.000101061
0.000140692
9.53039e-05
0.00012068
7.77714e-05
0.000136612
0.000108124
8.28295e-05
0.000112464
8.73863e-05
0.000115347
8.75344e-05
7.26069e-05
0.00011834
0.000112476
9.54878e-05
9.54845e-05
0.000125484
0.000103962
9.55663e-05
0.000121957
9.93232e-05
0.000108444
0.000115201
7.86531e-05
8.43315e-05
0.000100564
6.61518e-05
8.06124e-05
6.30195e-05
0.00013519
0.000103494
0.000108839
9.06892e-05
0.000124048
7.50543e-05
7.25578e-05
9.92267e-05
8.78077e-05
0.000120244
0.000116312
7.32418e-05
0.000120005
0.000112076
9.10542e-05
7.80257e-05
0.000113923
0.000109267
0.000109404
0.000109824
0.00011087
2.49312e-05
0.000108601
0.000121552
9.30688e-05
8.35282e-05
0.000139729
9.4388e-05
0.000109795
0.000109896
7.79192e-05
8.86165e-05
0.000139624
9.68449e-05
0.000102293
0.000131364
9.21888e-05
0.000109811
8.94729e-05
0.00010521
0.000132031
7.32821e-05
6.60084e-05
7.54872e-05
2.49312e-05
9.46151e-05
0.000133253
0.000113387
0.000132011
0.000111665
0.000100676
0.000108786
7.87429e-05
4.16836e-05
0.000120244
0.000108016
0.000100896
5.9765e-05
7.88754e-05
0.000100801
0.000148879
0.000103156
2.49312e-05
0.000147189
0.000109094
0.00013849
0.000124216
0.000112608
0.000111059
7.9376e-05
7.76633e-05
8.7233e-05
0.000104632
0.00010996
0.0001008
0.000110377
0.000135177
2.49312e-05
9.98668e-05
0.00011914
7.49804e-05
0.000128418
0.000147862
0.000119538
9.1224e-05
0.000106942
9.23402e-05
8.76952e-05
0.000136887
2.49312e-05
0.00011243
9.16318e-05
0.000111388
0.000108857
7.38668e-05
0.000101776
0.00010992
0.000125959
0.000106942
0.000104447
0.000193355
0.000134919
9.22789e-05
0.000139278
9.70664e-05
2.49312e-05
9.8185e-05
9.33556e-05
7.81277e-05
2.49312e-05
0.000155029
0.000120931
9.98935e-05
8.59923e-05
2.49312e-05
8.00446e-05
0.000122761
0.00012034
0.000102819
9.69952e-05
0.000107416
7.75068e-05
0.000115268
0.00011507
6.10667e-05
9.22351e-05
8.69968e-05
8.03846e-05
2.49312e-05
9.08027e-05
0.000121716
0.000124703
0.000135119
0.000125247
0.000109734
9.51411e-05
0.000101641
9.5754e-05
8.14508e-05
0.000103669
0.000108412
0.00011542
0.000107551
0.000100437
8.41264e-05
0.000107137
8.16681e-05
0.000123824
8.34337e-05
2.49312e-05
0.000109582
0.000116365
0.00012082
9.04014e-05
5.5375e-05
0.000123461
9.18687e-05
6.81105e-05
7.38054e-05
8.82734e-05
0.000121816
0.000123587
0.00012895
9.20527e-05
8.41088e-05
2.49312e-05
0.000122521
8.18915e-05
0.000119826
7.14396e-05
0.000106613
0.000102783
0.000158447
2.49312e-05
0.000115607
7.36323e-05
0.000100759
0.000133284
9.45549e-05
0.000138401
9.63504e-05
9.66587e-05
0.000108171
8.7434e-05
0.000142295
8.33553e-05
9.668e-05
9.42476e-05
8.00154e-05
7.02381e-05
0.000127585
8.38067e-05
0.000136297
8.18373e-05
0.00011945
7.99345e-05
7.69182e-05
0.000120751
7.12102e-05
0.00011797
0.000110226
0.000153456
8.99005e-05
0.000112167
0.000116517
0.000123925
0.000110426
7.99764e-05
0.000109545
6.22554e-05
2.49312e-05
6.98872e-05
0.000103636
0.000109696
6.99196e-05
8.66571e-05
9.50228e-05
8.65886e-05
6.41859e-05
0.00010699
0.000106595
6.80386e-05
8.63428e-05
0.000102123
0.000125878
2.49312e-05
6.92826e-05
0.000108315
0.000139668
0.000131391
0.000120671
2.49312e-05
0.000113454
0.000103327
0.000101893
2.49312e-05
0.0001234
0.000115761
0.000153332
0.000115511
8.39345e-05
0.000132496
0.000116338
0.000130272
9.65237e-05
9.44852e-05
0.000147172
0.000138721
0.000111446
9.43644e-05
6.66919e-05
0.00010311
0.000102239
2.49312e-05
9.0347e-05
8.32286e-05
9.56119e-05
8.65256e-05
0.000134199
9.97647e-05
7.59737e-05
0.00011493
0.000123711
0.000109824
8.89855e-05
8.77123e-05
0.000122941
9.5644e-05
0.000113667
0.00013345
0.000116346
9.91168e-05
0.000132377
9.84885e-05
8.84059e-05
0.000112337
0.000102836
7.82039e-05
9.20751e-05
0.000122579
2.49312e-05
0.000106246
9.70582e-05
7.22427e-05
0.000128351
0.00010452
7.22391e-05
9.30727e-05
2.49312e-05
0.00010766
7.29638e-05
6.59002e-05
0.000100509
0.000133039
9.04939e-05
0.000124508
8.75236e-05
0.000100308
7.5377e-05
0.000122309
8.74386e-05
7.16564e-05
0.000137381
0.000106191
8.93856e-05
0.000143114
0.000121675
8.64497e-05
9.06764e-05
0.000114642
0.000161611
7.78638e-05
0.000108197
9.73583e-05
0.000139455
8.66004e-05
9.17382e-05
0.000122793
8.84071e-05
9.04809e-05
0.000139311
0.000110986
0.000127503
0.000145481
9.88378e-05
9.57957e-05
0.00017822
0.000101408
9.15984e-05
9.48816e-05
0.000109134
0.000153524
0.000101122
9.23697e-05
0.000103696
5.45656e-05
9.99174e-05
0.000100686
0.000149662
2.49312e-05
0.00011265
8.7273e-05
0.000118451
8.02932e-05
0.000103591
9.0784e-05
9.23913e-05
0.000104515
0.000130554
0.000100146
9.05789e-05
7.23878e-05
9.36267e-05
0.00010541
0.000111132
2.49312e-05
2.49312e-05
0.000111701
7.66588e-05
9.08083e-05
0.000110516
0.000145869
0.000132192
0.000109929
0.000121456
9.98404e-05
9.9958e-05
0.000102286
9.05721e-05
9.24862e-05
8.61982e-05
0.000107682
0.000130868
8.26702e-05
0.000106157
0.000104481
0.000126126
9.08518e-05
0.000112162
9.39491e-05
9.97956e-05
7.44413e-05
8.58787e-05
9.72458e-05
8.04203e-05
0.0001225
7.37429e-05
0.000143843
2.49312e-05
7.71589e-05
9.28656e-05
9.94746e-05
0.000118619
8.36312e-05
0.000133056
8.54555e-05
0.000100491
9.37028e-05
0.000114854
0.000143341
0.00012369
0.000129353
0.000112325
0.000100765
9.08257e-05
0.000111577
0.000108981
8.74355e-05
9.28534e-05
0.000126233
2.49312e-05
0.000129737
0.000135265
2.49312e-05
0.000111847
0.000150578
9.51938e-05
0.000103794
9.42696e-05
0.000143776
0.000124863
6.87754e-05
5.33323e-05
0.000134572
0.000105276
6.84239e-05
9.61532e-05
0.000116554
7.69194e-05
9.41458e-05
9.07378e-05
0.000101324
9.97881e-05
8.32733e-05
6.14066e-05
5.39054e-05
0.000134859
0.000102209
0.00012295
6.60751e-05
0.000133648
2.49312e-05
0.000134988
0.000120937
0.000111651
0.000137191
0.000122909
0.000111282
0.000137679
0.000120977
0.000125084
2.49312e-05
0.000111722
0.0001296
0.000112698
0.000124214
8.63512e-05
0.000111518
0.000130329
0.00010409
0.000103515
9.81054e-05
9.48457e-05
0.00010094
9.70583e-05
0.000113831
0.000113778
0.000108116
9.87589e-05
0.000119397
0.000112195
8.82013e-05
9.09356e-05
0.000110185
0.000110131
0.000133402
0.000110919
0.000113263
2.49312e-05
9.84955e-05
0.000102942
8.66563e-05
8.42283e-05
9.84593e-05
0.000125654
0.000100945
0.000110541
0.00013057
8.72672e-05
0.00012945
7.7425e-05
8.65836e-05
0.000123364
7.79582e-05
9.42136e-05
9.81379e-05
2.49312e-05
6.0976e-05
0.000129382
9.41988e-05
2.49312e-05
8.50847e-05
0.000121273
9.09421e-05
0.000141768
0.000103767
0.000136937
7.93425e-05
0.000109211
0.000131237
8.51573e-05
0.000112422
0.000131774
0.000107735
0.000104777
0.000101808
0.00010396
0.000188682
7.34276e-05
9.26592e-05
0.000127301
0.000138371
8.57977e-05
7.78207e-05
0.000146505
9.03804e-05
8.11446e-05
9.43364e-05
9.28784e-05
0.000104498
9.73158e-05
8.22036e-05
0.000152871
0.000127584
8.36342e-05
8.73198e-05
0.000127724
8.65017e-05
9.39565e-05
7.84345e-05
0.000108606
8.99044e-05
2.49312e-05
0.000163842
9.97221e-05
2.49312e-05
9.11047e-05
0.000126537
0.000100139
0.000120818
0.000105277
0.000117409
0.000104126
0.000123746
0.000112856
0.000122686
2.49312e-05
0.000112882
8.55715e-05
5.65511e-05
9.28217e-05
8.89366e-05
0.000123225
2.49312e-05
7.75465e-05
6.40238e-05
0.000107463
7.25492e-05
7.47028e-05
8.13566e-05
0.000110355
9.90625e-05
0.0001369
0.000107202
0.000110884
9.57415e-05
0.000102387
0.000125174
7.65385e-05
6.71345e-05
7.36386e-05
0.000140254
9.30542e-05
9.68607e-05
0.000115918
0.000115762
9.5438e-05
0.000130993
0.000100415
0.000104446
6.78276e-05
2.49312e-05
0.000129087
7.93188e-05
0.00012905
8.64986e-05
0.000107333
9.5354e-05
0.000116986
7.07444e-05
0.000128135
8.35274e-05
0.000107089
0.000110814
0.000109379
0.000114609
0.000124014
0.000102022
0.000120499
9.32251e-05
0.000110947
0.000114064
0.000139872
0.000108195
9.46873e-05
0.000123238
0.000123298
0.000133924
0.000103896
8.87257e-05
9.44244e-05
7.97502e-05
2.49312e-05
9.6374e-05
0.000113748
7.00024e-05
8.27128e-05
