0.000101591
0.000123399
0.000106844
0.000113366
0.000102721
0.000100068
0.000112169
0.000103294
7.54087e-05
0.000110177
0.000130575
0.000104161
0.000110881
0.000115274
8.51058e-05
8.49646e-05
0.000108365
0.000128225
9.153e-05
8.38975e-05
9.29961e-05
0.000148515
9.57856e-05
0.000101192
7.99552e-05
7.49851e-05
0.000163234
8.97314e-05
7.91132e-05
7.77597e-05
9.77264e-05
6.34475e-05
0.000125055
0.000110155
0.00013822
0.000119827
0.000113661
7.65595e-05
0.000108764
0.00011676
8.55498e-05
9.53512e-05
9.904e-05
0.000103478
9.13835e-05
6.78825e-05
0.000116739
0.000123165
0.000126498
0.000117139
0.00015222
9.03346e-05
0.000106619
0.000116208
2.49312e-05
7.13083e-05
9.26389e-05
8.4037e-05
9.81626e-05
0.00013881
0.000111105
0.000101004
7.94598e-05
0.000116213
9.58935e-05
0.000143408
0.00011224
7.53871e-05
0.000104771
0.000138747
9.9312e-05
7.79069e-05
0.000119813
0.000107059
2.49312e-05
7.11422e-05
0.000102912
0.000108668
9.70969e-05
0.000109559
0.000121107
0.000111968
7.48161e-05
7.19111e-05
0.000137869
0.000109107
0.000104468
8.92317e-05
8.2149e-05
0.000107644
0.000110448
9.0712e-05
6.89395e-05
0.000103479
0.000138025
9.61966e-05
0.000115122
0.000108227
0.000106773
8.22608e-05
8.59481e-05
7.70454e-05
9.84627e-05
9.36281e-05
6.26716e-05
0.000117022
0.000109192
9.98659e-05
0.000115355
0.000125203
0.000111356
9.93638e-05
0.000127879
0.000108243
9.23599e-05
8.83016e-05
2.49312e-05
7.60894e-05
9.0022e-05
2.49312e-05
0.000103471
0.000103299
0.000100079
0.00011365
9.01931e-05
0.000107946
0.000116677
8.02087e-05
0.000118894
0.000115101
2.49312e-05
8.47785e-05
0.000115846
9.01949e-05
8.37973e-05
0.000124881
0.000104259
2.49312e-05
0.00010785
0.000111357
9.29747e-05
2.49312e-05
2.49312e-05
0.000104379
0.000112905
0.000136685
0.000141138
0.000106948
0.000123107
0.000123917
0.000116917
9.44121e-05
8.93785e-05
0.000105208
0.000119389
8.20064e-05
0.000105072
9.4911e-05
0.000154225
0.000118976
7.91418e-05
8.91587e-05
0.000114616
8.46765e-05
7.33892e-05
9.16167e-05
0.000106407
2.49312e-05
7.95036e-05
2.49312e-05
0.000126883
0.000111622
0.000100131
0.000147825
2.49312e-05
8.32902e-05
0.000111543
6.6676e-05
0.000103709
0.000117198
9.21876e-05
2.49312e-05
0.000100629
0.000148658
0.000108918
0.00010384
7.58065e-05
0.000101719
0.000109613
0.000138622
0.000141878
0.000101996
0.000131863
0.00010034
0.000110107
0.000118846
0.000108942
0.000144874
0.00011544
6.60346e-05
9.08628e-05
9.45084e-05
0.000123223
8.73435e-05
6.64821e-05
8.04928e-05
8.67768e-05
9.65125e-05
7.02786e-05
9.15037e-05
0.000115916
0.000116973
7.1618e-05
8.24535e-05
8.46287e-05
0.000103432
0.000121166
0.000138662
7.06068e-05
0.000111912
0.00010771
9.46217e-05
0.000108471
0.000103207
0.000108245
8.60391e-05
0.000105901
9.21348e-05
0.00012003
8.92038e-05
0.000102715
0.000104004
7.74532e-05
0.000134031
7.98695e-05
0.000104106
2.49312e-05
0.000114021
8.87531e-05
9.71979e-05
0.000127187
9.44758e-05
9.30244e-05
2.49312e-05
0.000124929
6.12681e-05
8.27638e-05
8.74966e-05
0.000131477
9.48357e-05
7.59384e-05
2.49312e-05
0.000110467
9.02643e-05
0.000127593
0.000117853
7.60804e-05
9.55809e-05
7.45844e-05
9.92092e-05
8.2812e-05
7.89289e-05
0.000136604
9.17568e-05
0.000106242
9.83123e-05
0.000113623
0.000103204
0.000109167
0.000112933
0.000135923
0.000109462
0.000106692
9.06165e-05
0.000101934
0.00010068
0.000171809
0.000148216
0.000111475
0.000121982
2.49312e-05
8.64648e-05
0.000148801
9.77187e-05
0.00010708
7.27276e-05
0.000125723
9.53381e-05
0.000115597
0.000165088
9.90432e-05
8.53363e-05
0.000124791
0.000108491
7.7238e-05
2.49312e-05
0.000106049
0.000112706
0.000103929
9.90833e-05
2.49312e-05
0.000105459
9.93617e-05
0.000115261
0.000147302
9.16175e-05
0.000144752
0.00012075
8.7693e-05
9.65756e-05
2.49312e-05
0.000102211
9.94894e-05
9.59958e-05
6.95591e-05
0.00012946
9.11724e-05
8.38774e-05
8.13995e-05
0.000121339
0.00011718
6.48556e-05
8.37941e-05
9.67662e-05
8.8092e-05
6.55164e-05
9.14289e-05
9.27188e-05
0.00011323
8.48444e-05
0.000135907
0.000102594
0.000107927
0.00011949
9.78626e-05
8.9442e-05
9.29425e-05
0.000114977
0.000100416
8.54146e-05
9.36244e-05
0.000118401
0.000168044
0.000110571
9.43197e-05
0.000111198
6.98964e-05
0.000141178
0.000100606
0.000100125
6.07848e-05
0.000116437
0.000127771
9.90743e-05
0.00010908
0.000133188
0.000103148
8.29259e-05
0.000119453
0.000100013
8.93284e-05
7.42154e-05
9.48269e-05
0.000102277
6.70883e-05
0.000103184
0.000108647
9.68636e-05
0.000108322
0.000100554
8.90769e-05
0.000127616
0.000113415
2.49312e-05
5.98305e-05
2.49312e-05
0.00012794
0.000111624
0.000118289
9.34901e-05
9.88799e-05
0.000112332
0.000123841
0.000117047
7.85321e-05
0.000105203
9.33618e-05
7.91529e-05
7.76049e-05
5.3945e-05
0.000114677
8.36304e-05
8.30637e-05
0.000124773
0.000108133
0.000129007
0.000102022
7.28517e-05
0.000120196
0.000102529
0.00012148
9.48116e-05
0.000144907
0.00010448
9.21913e-05
0.000150144
7.24281e-05
0.000110925
9.14209e-05
0.000100001
0.000112566
9.76871e-05
0.000100596
0.000120194
9.92263e-05
9.81839e-05
0.000107434
9.91855e-05
0.000101245
0.000111248
7.92681e-05
0.000103889
3.22369e-05
9.6229e-05
0.000113885
8.39758e-05
5.50437e-05
2.49312e-05
7.41275e-05
9.88022e-05
9.13694e-05
0.000124051
9.48204e-05
8.62027e-05
6.83536e-05
0.000114779
2.49312e-05
7.64788e-05
0.000114492
7.60223e-05
0.000103866
9.40499e-05
0.000113402
9.57075e-05
0.000104865
8.94934e-05
0.00013615
9.94777e-05
0.000103392
8.65303e-05
0.000123344
9.83601e-05
0.000139179
0.000111731
0.00010526
0.000142339
0.000138239
0.000117393
2.49312e-05
6.84675e-05
0.000105036
6.46158e-05
0.000117167
9.23214e-05
8.72984e-05
0.000126013
0.000109072
9.16878e-05
7.8814e-05
8.01652e-05
5.76398e-05
9.09426e-05
9.26546e-05
0.000128141
8.40654e-05
0.000138291
7.86106e-05
0.000120195
2.49312e-05
0.00011575
7.66591e-05
0.000104668
0.000117797
8.53733e-05
0.000111694
7.58857e-05
9.6244e-05
0.000123184
0.000115291
9.87571e-05
2.49312e-05
0.000127543
9.9923e-05
0.000111894
7.97397e-05
0.000114929
9.48279e-05
0.000112137
0.000123737
0.000122415
7.84839e-05
7.70092e-05
0.00010085
0.00011999
0.000101041
0.000125933
8.4415e-05
0.000100755
0.000102044
0.000103849
0.000146093
0.000112285
2.49312e-05
6.74898e-05
0.000105904
0.000123769
9.91929e-05
9.5845e-05
9.13941e-05
9.37343e-05
8.65483e-05
2.49312e-05
0.000117588
0.000103546
9.99706e-05
0.000123707
9.44881e-05
0.000146107
0.000110356
0.000112118
9.67171e-05
8.48557e-05
9.11373e-05
0.000109017
0.000102677
8.05036e-05
0.000138366
0.000124983
7.28081e-05
0.000132262
7.52752e-05
8.18508e-05
0.000109185
9.16983e-05
0.000134747
0.000140599
0.000108247
0.00011894
0.000102666
0.000125944
0.000113144
8.02992e-05
8.40116e-05
0.000114992
9.94206e-05
9.96821e-05
9.37474e-05
0.000148175
9.65831e-05
0.000108014
2.49312e-05
9.60705e-05
0.000111738
0.000121019
0.000123442
0.000135877
0.000124346
7.76762e-05
0.000162406
0.000131124
8.15465e-05
5.44861e-05
0.000119364
8.75444e-05
0.0001022
0.000121696
9.09467e-05
0.000122808
8.28583e-05
0.00010182
0.000123249
2.49312e-05
7.18095e-05
9.81017e-05
0.000130383
0.000129717
0.00012262
0.000104804
9.09129e-05
8.60415e-05
9.41951e-05
0.00010358
0.000145271
8.153e-05
0.000116909
0.000121154
8.02036e-05
6.4011e-05
7.78578e-05
8.43921e-05
8.96622e-05
0.000105361
8.05954e-05
9.22921e-05
9.17033e-05
0.000133727
0.000111429
8.72185e-05
9.76922e-05
0.000107303
5.55436e-05
9.10193e-05
2.49312e-05
0.00010558
9.07971e-05
0.00012076
8.48761e-05
0.000144093
9.94071e-05
0.000111831
0.000107251
0.000113951
7.94424e-05
0.00010769
0.000111362
0.000128999
8.47914e-05
8.35294e-05
0.000106804
0.000113457
0.00011112
0.000111851
5.60036e-05
7.1404e-05
7.64561e-05
0.000123031
8.92655e-05
6.92519e-05
0.000104632
2.49312e-05
6.10857e-05
0.00011624
0.000109464
9.52696e-05
7.97559e-05
0.000157773
0.000124172
9.16356e-05
0.000120656
0.000129285
6.88162e-05
0.000115757
9.2345e-05
0.000107146
7.9275e-05
0.000102594
8.88111e-05
0.00011242
7.17813e-05
0.000117046
0.000148881
7.49094e-05
9.99386e-05
0.0001329
9.15725e-05
0.000108511
0.000113306
7.61431e-05
0.000139995
0.000124319
7.52847e-05
7.92422e-05
0.000108706
9.95572e-05
0.000117856
0.000108303
9.43936e-05
2.49312e-05
8.36965e-05
8.99079e-05
8.80552e-05
7.92511e-05
9.90304e-05
0.000103727
0.000111478
0.000103639
0.000103717
8.30045e-05
0.000107883
8.25627e-05
0.000101136
0.000104353
2.49312e-05
0.000138721
2.49312e-05
2.49312e-05
9.26975e-05
0.000125709
9.53829e-05
0.000142504
0.000107861
0.000103734
0.00011925
2.49312e-05
2.49312e-05
0.000103043
0.000106489
0.000110705
0.000116404
0.000101347
0.000100955
0.00012542
0.000134941
9.54749e-05
0.000121915
5.64077e-05
0.000119244
0.000132471
9.52293e-05
0.000115696
0.000112912
0.000122437
0.000101014
7.94095e-05
0.000117635
8.58119e-05
9.19214e-05
9.14012e-05
9.79135e-05
0.00011368
0.000160135
9.21906e-05
0.000119562
0.000119891
0.000101
0.000126629
0.000115194
0.000108875
8.48767e-05
0.000107671
0.000107283
0.00012088
9.22306e-05
0.000102647
0.000110861
7.95618e-05
9.9843e-05
8.30778e-05
8.50781e-05
7.81025e-05
0.000114229
9.29214e-05
0.000128697
9.66257e-05
0.000131773
0.00011876
9.49185e-05
0.000108812
0.000131373
9.96409e-05
8.51949e-05
7.90095e-05
0.000124597
0.000101055
8.74009e-05
2.49312e-05
0.000118537
9.53332e-05
0.000123778
0.000110321
0.000140001
0.000118435
0.000120829
0.000109016
8.0895e-05
7.89534e-05
0.000125203
7.93738e-05
0.000117736
6.802e-05
7.15851e-05
0.000113211
0.000110812
8.91011e-05
0.000122633
7.10931e-05
0.000131079
0.000140097
7.79926e-05
0.000132995
0.000110239
9.92876e-05
0.000148042
0.000103754
0.000154924
0.000105842
8.12015e-05
0.000166366
8.02169e-05
6.43311e-05
2.49312e-05
6.94405e-05
9.005e-05
0.000128429
0.000106351
0.000102822
0.000109393
0.000151687
7.59494e-05
8.66389e-05
0.000132952
9.27996e-05
0.000118026
0.000112
0.00011018
9.36494e-05
0.000144497
0.000108123
0.000103898
9.97011e-05
0.000104517
0.000136603
0.000124629
2.49312e-05
0.000121378
0.000102256
0.000141748
7.19718e-05
0.000104058
7.2525e-05
0.000106273
6.98814e-05
7.13967e-05
0.000114366
0.0001093
2.49312e-05
0.000110024
0.000122133
0.000108914
0.000100762
9.69261e-05
0.000113812
0.000135232
6.89781e-05
9.1867e-05
0.000110014
8.91572e-05
0.000115966
0.000125928
9.32578e-05
8.20311e-05
9.55081e-05
0.000100638
8.40621e-05
8.89164e-05
6.54301e-05
8.93383e-05
0.000113683
9.16231e-05
9.59891e-05
0.000117385
7.11472e-05
0.000112728
5.87728e-05
0.000133929
9.97297e-05
0.000117443
8.60974e-05
7.09692e-05
0.000119462
0.000128462
0.000117685
0.000109902
5.84633e-05
0.00010321
9.88952e-05
9.50386e-05
0.000115268
8.84198e-05
0.000122824
8.74879e-05
8.95362e-05
0.00012138
0.000121277
9.01294e-05
0.000146173
9.54728e-05
0.000147994
8.19323e-05
8.26869e-05
0.000115991
0.000100129
9.85566e-05
0.000111719
0.000102887
2.49312e-05
9.03869e-05
7.7205e-05
0.000112051
0.000105468
0.000104136
9.84011e-05
0.000108514
2.49312e-05
0.000102368
0.000133657
2.49312e-05
0.000106092
0.000109094
0.00011985
0.000110641
9.30767e-05
7.88386e-05
0.00012439
9.46665e-05
0.000122689
0.000130095
8.4678e-05
9.70242e-05
2.49312e-05
0.000101634
9.45402e-05
7.71605e-05
9.72467e-05
0.000120257
0.000123398
0.000108891
0.000105856
9.87683e-05
9.01294e-05
0.000133166
0.000121275
0.000100613
7.15173e-05
8.2941e-05
7.39132e-05
8.12867e-05
0.000103855
2.49312e-05
0.000121055
0.000105411
0.000130053
8.746e-05
0.000125623
0.000119443
0.000111962
8.11582e-05
9.32279e-05
0.000128364
9.82293e-05
0.00011392
0.000107853
0.000113213
9.40116e-05
8.62585e-05
0.000104572
0.000117253
9.76643e-05
7.89129e-05
0.000154381
0.000131414
0.000107169
9.68166e-05
0.000141894
0.000117365
0.000113223
0.000115847
0.000102459
9.87443e-05
0.000104867
0.000135369
0.000104657
0.000108475
0.000112484
9.45887e-05
7.63334e-05
0.000142243
0.0001426
2.49312e-05
9.18754e-05
8.72716e-05
8.62843e-05
8.64107e-05
9.71042e-05
9.87851e-05
2.49312e-05
2.49312e-05
6.14406e-05
0.000106267
8.09531e-05
0.00010034
9.5214e-05
0.000148485
2.49312e-05
2.49312e-05
0.000134863
0.000131683
2.49312e-05
9.73493e-05
8.2382e-05
