0.000119066
2.49312e-05
6.94506e-05
0.000126865
9.53021e-05
2.49312e-05
0.000114844
0.000115463
8.61287e-05
9.54685e-05
0.000135204
0.000116416
0.000137591
0.000122679
8.78489e-05
9.03855e-05
0.000106826
8.9601e-05
0.000100304
0.000108717
0.000136202
9.55057e-05
7.70575e-05
8.9118e-05
0.000142074
9.6127e-05
0.000136529
8.08474e-05
2.49312e-05
6.88555e-05
0.000105649
8.45724e-05
0.000101117
0.000100137
0.000107242
0.000110874
8.65998e-05
9.92547e-05
0.000132648
0.000106358
9.52419e-05
9.8761e-05
0.000116979
0.000107649
0.000154476
8.89426e-05
0.000121719
8.776e-05
5.0431e-05
9.17254e-05
8.2062e-05
0.000107973
0.000103805
2.49312e-05
9.80745e-05
0.000100835
0.000116467
0.000115772
0.000103758
0.000100766
8.19992e-05
0.000143131
0.000108979
8.62515e-05
2.49312e-05
8.95835e-05
0.000109554
4.99781e-05
9.97674e-05
5.12242e-05
0.000133582
8.00865e-05
0.000111758
6.01653e-05
0.00011006
0.000100295
9.52876e-05
7.69865e-05
8.95126e-05
8.45056e-05
7.7067e-05
0.00010294
7.14418e-05
0.000120128
0.00011098
7.77964e-05
8.41979e-05
7.64547e-05
0.000118367
9.42227e-05
9.05202e-05
0.000126729
0.000116423
0.000132175
8.6472e-05
9.03479e-05
2.49312e-05
2.49312e-05
7.60178e-05
0.000137904
9.78159e-05
8.97553e-05
0.000101334
7.86252e-05
0.000128559
0.000110537
8.44608e-05
0.000133615
0.000102147
0.000103655
9.23779e-05
0.000115521
0.000123175
9.36521e-05
0.00012471
0.000118036
0.000143354
0.000107593
0.00013111
8.12934e-05
0.000111718
8.16791e-05
0.000115587
0.000106214
0.000116927
7.14725e-05
0.000104639
8.65036e-05
0.000112241
0.000126555
0.000118487
0.000107179
0.000110625
8.16318e-05
8.94016e-05
5.7068e-05
8.6671e-05
8.16237e-05
2.49312e-05
0.00013104
0.000105643
5.99951e-05
0.000109304
0.000135113
8.76036e-05
0.000102906
0.000125374
8.54449e-05
9.90224e-05
0.000110141
6.03438e-05
0.000128325
0.000102571
7.84387e-05
8.88661e-05
0.000119831
9.14612e-05
8.38339e-05
0.000102829
8.14864e-05
0.000108322
9.69844e-05
2.49312e-05
8.38098e-05
9.33229e-05
0.000118644
0.000125291
8.41985e-05
0.000110515
0.000127055
0.000102834
0.000116246
9.41097e-05
0.000109869
0.00010854
9.79371e-05
8.23283e-05
9.58664e-05
0.000117722
0.000107449
0.000116339
6.40416e-05
0.000128392
9.60184e-05
5.60747e-05
0.000102192
7.87111e-05
0.000134011
0.000120327
0.000122255
0.000102049
8.68662e-05
0.000145929
0.00011168
0.000100523
0.00012354
0.000103195
7.46354e-05
7.49838e-05
7.7098e-05
0.000102253
0.000102388
0.000117844
0.000111052
7.70026e-05
0.000101624
9.95229e-05
0.000114504
7.66218e-05
0.000106189
0.000106208
0.000122586
8.76591e-05
7.96724e-05
2.49312e-05
8.76971e-05
0.000114006
9.52746e-05
0.000110072
2.49312e-05
6.23045e-05
0.000172768
0.000128651
9.85878e-05
0.000127952
9.86675e-05
4.85232e-05
0.000109797
6.62347e-05
9.97395e-05
0.000119583
8.10529e-05
9.59698e-05
0.000140248
0.000111922
9.94464e-05
0.000105315
0.000122284
8.54487e-05
0.000103059
0.000159181
8.01172e-05
9.98889e-05
9.43628e-05
9.83017e-05
2.49312e-05
0.000125457
9.49258e-05
8.01744e-05
0.00012486
2.49312e-05
0.000124365
0.000126123
8.67768e-05
0.00014642
0.000110962
0.000116859
0.000117038
0.000136086
7.64416e-05
0.000102104
9.72164e-05
0.000106569
0.000112907
0.000101895
0.000117095
0.000103249
7.18467e-05
9.63608e-05
0.000132338
9.3012e-05
0.0001065
7.14046e-05
0.000102935
0.000115028
0.000102987
0.0001253
0.000100485
0.000127551
8.24863e-05
7.65814e-05
0.000142854
8.83473e-05
9.14258e-05
0.000112536
9.04727e-05
0.000108935
9.58408e-05
0.000120753
8.4918e-05
0.000143266
9.00279e-05
7.82566e-05
0.000123797
7.24808e-05
0.000104177
9.51326e-05
0.000109281
0.00011585
8.77066e-05
0.000102428
2.49312e-05
6.7775e-05
7.81679e-05
8.91451e-05
0.0001163
0.000101
9.38738e-05
0.000128366
0.000125135
9.41641e-05
8.65388e-05
6.98855e-05
8.31171e-05
9.92292e-05
7.43159e-05
0.000139663
0.000123523
7.99421e-05
0.000104383
0.000114383
0.000105191
8.02322e-05
7.95005e-05
8.43548e-05
7.8162e-05
0.000128141
9.43919e-05
0.00010126
9.59279e-05
0.00010995
9.70654e-05
0.000108221
0.000105638
0.000114633
7.93299e-05
9.82068e-05
9.87241e-05
0.000124584
8.27371e-05
0.000109658
6.83802e-05
2.49312e-05
0.000104003
7.32175e-05
0.00010062
0.000132811
0.0001149
9.81027e-05
9.45473e-05
9.48937e-05
9.21673e-05
0.000179732
8.99033e-05
0.000101655
0.000106093
0.000119239
7.79496e-05
9.01916e-05
2.49312e-05
0.000101199
2.49312e-05
0.000142268
0.000101424
7.68209e-05
7.85907e-05
0.000100951
0.000111662
9.57404e-05
0.000103348
8.51846e-05
0.000143364
0.000116022
0.000118146
2.49312e-05
2.49312e-05
8.92146e-05
6.60782e-05
0.000117877
0.000120161
6.81747e-05
0.00011975
0.000112939
0.000101629
0.000162688
8.46939e-05
0.000118205
7.92223e-05
7.99285e-05
8.71949e-05
8.70206e-05
5.58445e-05
0.00011
2.49312e-05
0.000128455
0.000131292
9.28189e-05
0.000101192
0.000117041
8.19612e-05
0.000117759
8.20907e-05
8.96579e-05
0.000116901
0.000104728
0.000132834
0.000102537
0.000128731
0.000111739
6.68966e-05
8.68881e-05
0.000103472
7.37043e-05
0.000151104
8.54899e-05
8.95751e-05
0.000107105
0.000134578
0.00010414
8.55123e-05
6.9638e-05
9.27651e-05
0.000131358
0.00011054
0.000119655
0.000137086
9.34668e-05
0.000122942
0.000106838
0.000116389
0.000129546
0.000117374
7.31088e-05
0.000120967
0.000137768
7.79024e-05
0.000107731
0.000104169
0.000122302
8.50864e-05
0.000110177
9.5092e-05
7.93876e-05
0.000142664
8.62888e-05
0.000109372
7.97267e-05
0.000116428
0.000118233
0.000118501
0.00010221
0.000128506
9.18865e-05
2.49312e-05
0.000141388
0.00010648
7.31315e-05
8.8579e-05
0.000112712
9.72726e-05
8.83468e-05
0.000153521
0.00010099
8.9235e-05
0.000105431
8.85122e-05
0.000108533
9.78755e-05
0.000113635
6.73857e-05
9.14079e-05
0.00010546
2.49312e-05
9.07629e-05
8.76164e-05
0.000102673
6.18607e-05
0.000109809
7.79742e-05
9.28939e-05
0.000125727
0.000108644
7.5772e-05
9.1648e-05
9.51612e-05
0.000132483
9.58796e-05
0.000144322
0.000122967
0.000112146
0.000139181
0.00012482
7.67509e-05
0.000109406
7.64628e-05
9.83522e-05
0.000123147
0.000129413
0.000116135
8.43525e-05
7.98791e-05
9.19738e-05
2.49312e-05
0.000109306
0.000125703
0.000132262
9.07851e-05
0.000110689
8.21624e-05
0.000128171
9.96416e-05
0.000131882
0.000134713
0.000118172
0.000117428
0.000103618
0.000135741
6.71972e-05
0.000124983
9.05521e-05
0.00011862
9.08514e-05
8.74397e-05
0.00013558
8.52987e-05
0.000107638
6.14367e-05
0.000108288
0.000106885
0.00015422
0.000120746
0.000108982
0.000148685
7.7261e-05
0.000113781
0.000123781
7.64806e-05
0.00011093
9.95343e-05
9.97059e-05
0.00010232
8.58729e-05
0.00010868
0.000129609
0.000108462
2.49312e-05
0.00013166
0.000149907
9.30081e-05
9.07895e-05
0.000116562
9.42331e-05
0.000108636
0.000117866
0.00010365
9.8827e-05
0.00010663
9.16159e-05
2.49312e-05
0.000113208
0.000111165
6.57321e-05
9.93452e-05
0.000113562
0.000109126
0.000107804
9.18487e-05
0.00013327
0.00013591
0.000122295
2.49312e-05
0.000113027
8.98636e-05
0.000140951
9.87919e-05
7.11043e-05
9.62544e-05
8.66538e-05
0.000108565
0.000106023
0.000132157
8.1224e-05
0.00011751
8.0299e-05
0.00013016
9.2644e-05
6.64985e-05
8.35542e-05
8.15159e-05
8.97701e-05
7.41284e-05
0.000116774
0.000120662
0.000118132
0.000115408
8.6564e-05
7.73802e-05
0.000108768
0.00011234
9.59686e-05
7.17763e-05
0.000117392
7.75799e-05
8.42449e-05
0.000108804
8.96088e-05
0.000100168
0.000118093
0.000109097
9.24471e-05
0.000112291
0.000103897
0.000100534
0.000106273
2.49312e-05
7.83213e-05
0.000113495
8.8422e-05
0.000111807
2.49312e-05
8.10407e-05
6.93214e-05
0.000138387
0.000117796
7.1158e-05
0.000122008
6.84532e-05
8.48769e-05
0.000118263
0.00011508
9.24142e-05
9.23094e-05
0.000131042
0.000110572
7.28646e-05
0.000114956
0.000118381
7.21398e-05
0.000124427
0.000116125
0.000106578
0.000105968
8.83873e-05
0.000118526
0.000129385
0.00010999
0.000109078
9.72917e-05
7.95473e-05
0.000108641
8.72189e-05
0.000112928
0.000120507
7.68838e-05
0.000106013
9.73981e-05
2.49312e-05
9.72201e-05
4.74084e-05
2.49312e-05
0.00016745
8.90793e-05
6.37693e-05
6.38437e-05
2.49312e-05
0.000140033
9.26939e-05
9.84308e-05
0.00010659
0.000101367
7.45039e-05
9.05903e-05
0.000128031
0.000136191
0.000115513
0.000100339
7.94073e-05
2.49312e-05
0.00011397
0.000110501
0.000102033
2.49312e-05
0.000107124
8.15178e-05
0.000117836
0.000122917
0.000138988
7.7441e-05
9.66505e-05
2.49312e-05
2.49312e-05
0.000117676
0.000106448
8.27238e-05
9.19992e-05
8.96635e-05
0.000151396
0.000117632
0.00010287
0.000122681
2.49312e-05
8.63006e-05
9.90433e-05
8.94726e-05
0.000143575
0.000124017
6.59327e-05
9.03816e-05
8.22098e-05
6.98803e-05
0.000133336
0.000121236
0.000122209
9.84246e-05
8.22151e-05
7.62492e-05
9.4325e-05
9.70634e-05
2.49312e-05
0.00013822
8.48782e-05
7.67864e-05
0.000131936
0.000100864
2.49312e-05
0.000120091
0.000115676
9.96519e-05
2.49312e-05
0.00013153
9.5477e-05
0.00010993
0.000116754
0.000121317
0.000102259
7.41087e-05
0.000113036
9.70964e-05
0.000127469
8.32998e-05
0.000102543
2.49312e-05
6.88393e-05
0.000131537
0.000133111
9.45572e-05
0.0001229
0.000114271
0.000116311
0.000133917
6.3875e-05
6.67594e-05
9.94001e-05
0.000104942
0.000130883
0.000107223
0.000103204
0.000105715
0.000109582
0.000109236
9.86737e-05
8.13259e-05
8.39245e-05
2.49312e-05
7.13541e-05
0.000103295
0.000118855
2.49312e-05
0.000102911
0.000107217
0.000111249
7.76909e-05
0.000110033
9.98667e-05
0.000104007
0.00010524
0.000130799
7.23837e-05
9.2057e-05
0.000103677
0.000113321
8.43298e-05
0.000109658
0.000107598
0.000116368
8.45636e-05
0.000128124
9.8976e-05
0.000126555
8.25245e-05
0.000118704
2.49312e-05
0.00010335
7.34238e-05
0.000122329
8.66412e-05
9.45125e-05
8.96465e-05
9.74395e-05
9.85324e-05
8.11899e-05
0.000133586
0.000112385
9.61638e-05
9.0975e-05
0.00011186
0.000106178
0.000120481
0.000106821
9.78233e-05
8.26646e-05
8.96054e-05
0.000141431
9.48875e-05
7.45742e-05
8.27305e-05
0.000118258
8.88803e-05
2.49312e-05
9.7211e-05
8.14846e-05
0.000128843
0.000102641
9.30072e-05
0.000116558
0.00011732
0.000109277
9.27758e-05
0.000138132
0.00010949
8.13224e-05
9.63352e-05
9.94306e-05
9.82518e-05
0.000127046
0.000119868
8.40679e-05
7.96376e-05
0.000104539
0.000142704
0.000138745
0.000121084
9.92535e-05
8.20835e-05
0.000101668
2.49312e-05
0.00012115
2.49312e-05
0.000134637
0.00012496
0.000105676
8.67628e-05
0.000129402
9.90267e-05
0.000100538
9.73382e-05
9.23974e-05
0.000114413
9.75017e-05
5.62679e-05
7.10656e-05
0.000127526
0.000108343
9.61422e-05
7.42189e-05
8.19479e-05
0.000109523
8.95558e-05
8.00618e-05
9.06214e-05
8.92478e-05
0.000112119
9.51219e-05
0.000111487
9.47403e-05
0.000113835
0.000109202
0.000176291
9.3168e-05
0.000128067
0.000117481
9.43993e-05
8.65827e-05
2.49312e-05
0.000137631
0.000109019
8.81891e-05
9.98882e-05
7.83679e-05
0.000110649
0.000149392
0.000112629
0.000104962
9.3341e-05
9.63619e-05
0.000101035
0.000103415
0.000129779
0.000100557
0.000101543
0.000135101
0.000105301
6.50558e-05
8.60779e-05
8.92466e-05
8.87724e-05
0.000103787
0.000102156
0.000122772
9.85567e-05
8.06813e-05
2.49312e-05
8.00613e-05
9.50946e-05
9.76774e-05
0.000102048
0.000114081
0.000123323
0.000103411
9.25998e-05
6.64198e-05
0.000122414
0.000104922
0.000104233
0.00010888
9.49277e-05
0.000106882
9.48301e-05
8.93557e-05
7.13832e-05
8.73941e-05
0.000114154
0.000107741
0.000107458
8.93326e-05
9.76954e-05
8.17345e-05
8.85346e-05
0.000137331
8.63777e-05
8.86839e-05
0.000118445
9.295e-05
0.000105913
0.000104464
0.00011845
0.000120755
6.73219e-05
0.000105912
0.000112641
0.000126711
0.000190097
6.47715e-05
9.45141e-05
0.000100342
0.000100772
8.10879e-05
0.000105472
9.32674e-05
0.000114102
0.000121871
9.64473e-05
0.000116374
0.000103813
9.06516e-05
7.37857e-05
0.000108291
0.000109773
9.19737e-05
7.65798e-05
0.000118424
9.33672e-05
9.01208e-05
8.82235e-05
7.41863e-05
0.000103836
0.000121282
7.62376e-05
9.77918e-05
9.86305e-05
0.000110618
0.000105014
0.000130222
8.62136e-05
0.000104436
8.31201e-05
0.00014532
9.49027e-05
0.000138827
8.83231e-05
8.50857e-05
0.000100751
0.000106716
0.000106722
0.000119865
6.61578e-05
8.48758e-05
8.23472e-05
8.7929e-05
9.10085e-05
