9.41363e-05
7.52828e-05
8.90691e-05
0.000139593
0.000118646
9.64493e-05
0.000125212
2.49312e-05
0.000121467
0.000101198
9.46265e-05
7.45693e-05
9.5363e-05
9.42475e-05
2.49312e-05
0.000117596
0.000136297
0.000126552
9.38055e-05
9.94362e-05
0.000120315
9.2172e-05
0.000126328
0.000140699
0.000153683
6.87563e-05
0.00012149
8.32251e-05
0.00012782
9.74473e-05
0.000113721
0.000111576
0.00010877
0.000101976
9.92059e-05
0.000137151
0.000121961
0.00013064
0.000134612
0.000132572
0.000124369
8.9454e-05
2.49312e-05
0.000157504
8.86509e-05
8.65349e-05
0.000128186
0.000135822
0.000130613
9.02749e-05
8.45822e-05
2.49312e-05
0.000111077
0.000131024
0.000103644
0.000101523
7.83249e-05
2.49312e-05
0.000110901
9.88407e-05
8.7688e-05
9.75565e-05
9.44272e-05
0.000130036
0.000102624
0.00010446
0.000100389
9.6669e-05
2.49312e-05
9.32672e-05
9.02041e-05
0.000101873
8.76213e-05
7.39917e-05
0.00010128
9.7993e-05
7.7927e-05
8.25491e-05
8.87639e-05
0.00011446
8.36479e-05
0.000114466
8.37356e-05
0.000108807
8.73583e-05
0.000103332
0.000116585
0.000112892
0.000125396
0.000119902
8.02293e-05
0.000119066
0.000108031
0.000129329
0.000108274
0.000104186
2.49312e-05
9.97742e-05
0.000127204
0.000110963
0.000104326
9.82236e-05
9.85323e-05
9.40019e-05
7.7612e-05
0.0001247
0.000111225
9.9162e-05
0.000120334
2.49312e-05
9.56301e-05
0.000137961
0.000115677
0.000130157
0.000103476
0.000131836
0.000109025
0.000104208
8.11894e-05
0.000120918
0.000103643
0.000123953
0.000134796
0.000113963
0.000100282
8.63415e-05
6.88272e-05
0.00011037
2.49312e-05
0.000107029
2.49312e-05
9.81391e-05
9.55147e-05
0.000114368
0.000115515
8.55353e-05
0.000120699
8.00639e-05
0.000127326
8.1387e-05
9.68665e-05
9.81899e-05
7.3071e-05
8.70971e-05
9.49142e-05
7.73625e-05
0.000122346
0.000105862
0.000130657
0.000113461
8.90347e-05
8.14569e-05
0.000132726
8.94073e-05
9.24878e-05
8.74751e-05
0.000116219
0.00012688
5.65889e-05
0.000113421
0.000118233
0.000102295
0.000108805
8.51234e-05
8.64562e-05
8.01268e-05
0.000110947
0.000108474
0.000109114
0.000126818
0.000124861
7.63448e-05
9.6716e-05
8.6206e-05
7.71187e-05
0.000145838
0.000153101
7.24868e-05
8.20523e-05
7.19049e-05
2.49312e-05
9.21922e-05
0.000118361
0.000115847
8.53445e-05
0.000105453
0.000111946
0.000121077
0.000112875
0.000126844
9.32456e-05
0.000125158
0.000132857
2.49312e-05
0.000137746
0.000128858
0.000123961
7.9231e-05
0.000112202
6.92599e-05
0.000111402
8.46363e-05
0.000103079
2.49312e-05
7.91031e-05
9.35829e-05
0.000131275
6.71575e-05
0.000119456
9.14133e-05
0.000128544
0.000101628
9.99475e-05
0.000103732
0.000150005
9.22678e-05
0.000101857
0.000108497
5.77325e-05
9.61346e-05
0.000115872
0.00011906
0.000117317
0.000136996
0.000102974
0.000123876
0.000110295
6.70141e-05
0.000100596
0.000129041
2.49312e-05
0.00010396
0.0001149
7.94901e-05
9.0961e-05
9.61854e-05
8.91116e-05
9.25082e-05
7.26321e-05
2.49312e-05
6.60039e-05
9.60557e-05
8.8516e-05
8.75258e-05
9.1314e-05
5.28384e-05
0.000114113
0.000113314
0.000146294
2.49312e-05
0.000124449
0.000121172
7.87153e-05
8.79682e-05
7.45175e-05
7.94846e-05
9.39162e-05
0.000108408
0.0001301
0.000116309
0.000106009
8.71083e-05
8.25579e-05
7.50522e-05
0.00012073
7.82228e-05
7.07368e-05
2.49312e-05
8.05982e-05
5.58562e-05
9.65734e-05
0.000108808
0.000108492
0.000117913
7.28026e-05
9.17459e-05
0.000124269
0.000134509
0.00013079
6.06371e-05
0.000114297
0.000108963
9.84575e-05
0.000121615
7.23876e-05
0.000126922
8.69679e-05
0.00015994
0.000117096
2.49312e-05
2.49312e-05
0.000132177
9.54199e-05
6.83325e-05
0.000140773
0.000135511
9.20446e-05
0.000102821
0.000125425
5.54206e-05
9.93403e-05
0.000126092
0.000103403
0.000113776
0.000113732
2.49312e-05
6.80419e-05
9.9301e-05
5.99912e-05
9.96951e-05
0.000137271
0.000133097
7.51702e-05
8.85285e-05
8.24232e-05
9.97619e-05
2.49312e-05
0.000106741
9.53226e-05
8.24672e-05
9.16764e-05
2.49312e-05
0.000148117
0.000138699
8.87445e-05
6.01292e-05
0.00011433
0.000106173
0.000105274
0.000104143
7.47923e-05
0.000105565
2.49312e-05
0.000126149
8.55539e-05
0.000130841
0.000124548
0.000140109
0.000122303
9.23417e-05
9.44115e-05
9.07951e-05
0.000108044
0.000126904
9.42351e-05
0.000101072
8.77291e-05
0.000118546
0.000106922
0.000100211
0.00010404
0.000120681
0.000125586
9.14285e-05
0.000101164
0.000115905
0.000117973
6.98692e-05
0.000116723
8.33984e-05
9.70507e-05
6.40719e-05
0.000154703
7.91976e-05
8.27287e-05
0.000133272
8.50511e-05
0.000159401
7.3832e-05
0.000102529
8.07267e-05
0.00011965
7.96956e-05
0.000103758
0.000122747
8.83839e-05
2.49312e-05
0.000100033
7.4189e-05
0.000113228
0.000120861
7.57245e-05
9.42473e-05
0.000102704
0.000116451
9.97065e-05
9.60658e-05
9.87992e-05
9.73947e-05
0.000132031
7.57703e-05
9.57493e-05
8.63022e-05
8.78516e-05
0.00012117
0.000104922
8.14948e-05
0.000128018
0.000122497
0.00011647
9.85971e-05
0.000106941
9.77813e-05
0.00013
9.74631e-05
0.00011752
0.000108859
0.000108963
9.82469e-05
2.49312e-05
0.000110934
0.000106156
9.02619e-05
8.32989e-05
0.00010677
0.000119538
0.000113111
0.000111589
0.000132113
0.000109499
8.86981e-05
8.16826e-05
0.000121558
0.000101065
9.46715e-05
0.000122689
0.00010315
0.000101789
0.000110063
0.000121234
9.58062e-05
0.000141316
0.000112427
9.73562e-05
6.03352e-05
0.000123331
2.49312e-05
0.000124616
0.000136824
9.93489e-05
8.11153e-05
0.000103979
0.000114582
0.000108817
0.000110406
9.56337e-05
0.000135065
0.000103892
7.83924e-05
0.000129666
0.00014868
2.49312e-05
0.000109949
0.000102077
9.12587e-05
0.000112148
0.000119387
9.40297e-05
0.00010553
0.000108334
0.000106707
0.000128329
7.41859e-05
0.000114061
6.31744e-05
9.3146e-05
0.000124961
0.000100684
0.0001076
0.000128442
0.000109508
0.000107073
0.000102856
0.000101772
7.82668e-05
0.000111834
7.01868e-05
0.000145007
2.49312e-05
9.51647e-05
7.54048e-05
7.84931e-05
0.00010095
7.35049e-05
0.00010603
0.000134331
0.000113576
9.78657e-05
0.00010206
9.94556e-05
7.95763e-05
0.000138284
0.000138197
0.000101574
6.96731e-05
0.000111397
0.000111515
8.43668e-05
0.000120063
0.000118434
0.000130793
7.88106e-05
6.34531e-05
0.000102338
0.000122121
2.49312e-05
0.000121225
0.000126935
0.000104694
9.31378e-05
9.22065e-05
0.000120619
2.49312e-05
8.80123e-05
8.83618e-05
0.000143831
0.000114282
0.000100089
9.4638e-05
7.62556e-05
0.000155221
0.000118088
7.58294e-05
2.49312e-05
0.000132013
0.000102359
8.54945e-05
0.000140563
2.49312e-05
0.000117481
0.000114299
0.000109801
0.000128636
0.000106484
9.68204e-05
0.000137804
0.000129077
9.48206e-05
0.000104286
9.38679e-05
0.000115408
8.63838e-05
8.47469e-05
0.000104687
8.17683e-05
0.000109889
0.000129374
8.49892e-05
0.000132075
7.99979e-05
7.56964e-05
0.000127872
0.00011629
7.95637e-05
8.32215e-05
9.40822e-05
0.000101675
0.000100038
9.46264e-05
0.000162779
0.000131502
2.49312e-05
0.000103062
6.19042e-05
0.000101937
6.27723e-05
8.41712e-05
0.000124395
0.000100678
7.81758e-05
0.000109731
0.000100927
8.43026e-05
8.69017e-05
0.000131744
8.88046e-05
0.000145252
7.24102e-05
9.83126e-05
0.000111586
0.000110401
0.000134596
0.00011837
0.000106946
8.64708e-05
7.88817e-05
0.000137007
0.000127911
9.79281e-05
0.000109312
2.49312e-05
2.49312e-05
0.000107607
2.49312e-05
0.00012216
6.66029e-05
0.000106977
0.00011846
9.77881e-05
7.35738e-05
2.49312e-05
0.000124021
0.000165399
0.000147823
0.00012034
9.06402e-05
0.000138538
0.000142658
0.000107361
9.63758e-05
9.45305e-05
0.000141664
8.28022e-05
0.000144586
8.68955e-05
9.25876e-05
9.84029e-05
7.47587e-05
0.000106768
0.000111217
8.33451e-05
0.000107717
0.000106307
9.34159e-05
0.000131229
9.14873e-05
0.000124423
0.00012517
9.73396e-05
9.742e-05
9.82774e-05
8.92425e-05
0.000102639
0.000133045
0.000107094
2.49312e-05
0.000124476
0.000106099
0.000133444
9.08272e-05
0.000108773
0.000110645
8.03429e-05
0.000103856
0.000113668
0.000100338
0.000130242
0.000108327
0.000115874
0.000102844
9.00701e-05
9.56418e-05
0.000107537
2.49312e-05
9.90443e-05
9.73233e-05
0.000100006
0.000114506
0.000115345
9.95249e-05
0.000111464
9.12363e-05
0.000123212
0.000124372
7.40529e-05
0.000151745
2.49312e-05
0.000105935
9.79688e-05
0.000147292
8.97557e-05
9.24632e-05
9.58378e-05
8.40627e-05
9.15659e-05
0.000106295
2.49312e-05
9.7152e-05
0.000117348
9.26822e-05
0.000131135
0.00011358
0.000132118
0.000118487
0.000103641
0.000116195
8.14086e-05
0.000118564
0.000114221
9.64766e-05
8.97841e-05
9.68449e-05
0.000106387
0.000110967
0.000100114
2.49312e-05
0.000110699
0.000120549
9.1274e-05
0.000122982
0.000116113
9.53547e-05
0.000107205
6.14133e-05
0.000130638
0.000104546
9.52672e-05
0.000116834
7.67688e-05
9.30124e-05
0.000130129
8.12938e-05
0.000116627
0.000123579
9.58189e-05
0.000109536
7.38354e-05
9.80096e-05
0.000108339
9.538e-05
0.000119014
0.000121636
8.88288e-05
2.49312e-05
0.000110522
0.000130131
9.71491e-05
8.33674e-05
9.11889e-05
9.21452e-05
0.000105115
9.44347e-05
0.000137025
0.00011537
0.000101765
0.00011882
0.000122772
0.000102682
0.000105234
0.000140439
9.47944e-05
0.000152014
9.73217e-05
0.000106967
7.22948e-05
9.46777e-05
0.000115317
0.000158005
8.55851e-05
0.000101654
0.00010729
0.000118001
8.99361e-05
0.000120008
8.93734e-05
7.27327e-05
6.95864e-05
0.000108783
0.000103974
9.12855e-05
9.99434e-05
8.25918e-05
0.000103158
6.38415e-05
8.72117e-05
0.000103179
0.000126747
0.000144299
0.000105816
0.000132204
0.000122851
6.51348e-05
0.000112622
8.57311e-05
6.08953e-05
9.07584e-05
0.000113781
8.09721e-05
0.000115874
0.000109249
0.000115685
0.000101541
9.10918e-05
0.000132042
0.000145656
0.000113082
0.000111783
7.7141e-05
7.09958e-05
7.73855e-05
0.000113012
9.32593e-05
0.000120145
0.000136664
0.000140646
0.000122928
0.000103417
7.01486e-05
9.91387e-05
0.000109234
0.000104345
7.68163e-05
0.000112862
0.000125657
8.37003e-05
7.32066e-05
0.000105374
0.000116975
0.000149556
0.000102872
0.00010912
9.32971e-05
0.000104514
9.7351e-05
0.000128547
8.26998e-05
2.49312e-05
0.000112078
7.64659e-05
0.000120614
0.000137479
0.000103151
7.18843e-05
2.49312e-05
5.18748e-05
7.74763e-05
0.000115261
0.000146782
0.000128803
0.000118522
9.72115e-05
0.000144713
0.000115985
0.000120048
8.23974e-05
0.000113609
0.000135916
0.000103767
2.49312e-05
9.27592e-05
6.53445e-05
0.000109827
0.000112
9.51557e-05
0.000102173
2.49312e-05
0.000118017
8.95432e-05
0.000104689
0.000138298
0.000145251
0.000102479
0.000118135
0.0001025
6.14018e-05
0.00014667
8.1187e-05
0.000118464
7.86567e-05
0.00010155
0.000120973
9.52469e-05
9.49538e-05
8.93782e-05
0.000113927
8.58374e-05
0.000129273
9.12092e-05
0.000102419
8.63454e-05
9.91506e-05
8.0809e-05
0.000125769
0.000128162
0.000107736
8.04005e-05
7.33232e-05
0.000108785
0.000105099
6.80523e-05
8.5738e-05
2.49312e-05
0.000103974
8.41368e-05
9.81094e-05
4.62772e-05
9.91015e-05
7.19799e-05
2.49312e-05
0.000129862
8.7901e-05
0.000103907
9.3534e-05
0.000131807
8.41861e-05
7.09145e-05
8.40465e-05
9.8069e-05
8.77018e-05
9.90298e-05
8.56602e-05
0.000118037
0.000108234
0.00013603
9.21868e-05
0.000139036
0.000121084
0.000115858
9.23011e-05
0.000120348
0.00015583
8.45557e-05
0.00012752
0.000102801
8.61344e-05
0.000138037
9.84648e-05
0.000127285
7.76846e-05
0.000127734
9.22783e-05
8.33721e-05
7.51555e-05
0.000112766
9.18334e-05
0.000134421
9.79532e-05
9.3753e-05
9.71238e-05
0.000113809
0.000112269
0.000116578
0.000102933
0.000119955
8.37892e-05
5.58721e-05
0.000116394
9.31544e-05
7.78531e-05
7.06543e-05
9.1905e-05
6.02851e-05
0.000123696
7.10256e-05
0.000140507
0.000129583
0.000148198
9.24973e-05
0.000149358
0.000104165
0.000107157
7.6299e-05
0.000117662
8.95654e-05
9.8341e-05
9.12246e-05
0.000115396
8.52379e-05
0.000119511
0.000111299
0.000112909
0.000112626
0.000107793
9.70966e-05
0.000112027
0.00013169
9.50281e-05
0.000110191
6.7991e-05
7.92238e-05
9.16571e-05
0.000144097
2.49312e-05
8.72941e-05
0.000116153
0.000115095
0.000101131
0.000119266
2.49312e-05
8.69786e-05
0.000123456
0.000128346
2.49312e-05
0.000104358
9.22275e-05
7.84582e-05
0.000106728
0.000123529
0.000135144
8.81003e-05
7.49063e-05
2.49312e-05
0.00014808
9.78719e-05
9.33811e-05
7.49137e-05
8.08778e-05
0.000131246
9.45025e-05
0.000119167
