9.1064e-05
0.00013919
7.98235e-05
8.75898e-05
0.000121001
0.000131755
0.000105459
2.49312e-05
0.000106102
8.93039e-05
0.000112266
0.000113252
7.87045e-05
0.000103534
9.44499e-05
9.78193e-05
0.000161228
8.30618e-05
0.000131269
0.000120276
0.000123923
8.85814e-05
9.81426e-05
9.2776e-05
0.000116804
5.01551e-05
0.000119095
9.14937e-05
0.000105575
0.000119114
2.49312e-05
7.59984e-05
0.000179211
0.000113482
0.000101707
6.64979e-05
0.000163891
9.6593e-05
0.000111118
0.000100863
2.49312e-05
0.000109538
9.56487e-05
0.000123256
7.51011e-05
7.73315e-05
9.94741e-05
0.000123547
0.000120211
8.12414e-05
0.000105743
8.15203e-05
0.000112206
9.99506e-05
0.000148889
8.83919e-05
9.23233e-05
0.000137846
9.99606e-05
0.000120487
2.49312e-05
0.000118788
0.000101299
7.17524e-05
0.000128163
0.000108164
0.000118359
0.000133456
0.000115659
0.000123229
0.000121474
8.85691e-05
0.000106551
0.000117537
9.0973e-05
0.000114704
8.79779e-05
0.000107733
0.000111955
9.54986e-05
9.99482e-05
0.000118185
0.000114222
0.000112861
0.000101218
8.97909e-05
0.000102559
0.000105571
0.000129523
8.76958e-05
9.54222e-05
7.12189e-05
8.48032e-05
8.7281e-05
0.000105858
0.000126397
0.000102802
8.06904e-05
7.0273e-05
0.000122086
7.00572e-05
0.000115127
0.00012359
0.000130955
6.37655e-05
0.000112024
0.000130152
0.000103962
4.9695e-05
2.49312e-05
9.84221e-05
0.000103394
9.45255e-05
0.000106185
9.9561e-05
7.8087e-05
0.000131559
0.000135242
0.000138213
0.000127058
0.000104457
0.000113705
6.26963e-05
8.8856e-05
0.000104602
6.26231e-05
7.61387e-05
8.43082e-05
0.000103571
9.08379e-05
2.49312e-05
0.000107223
0.000120905
9.21801e-05
0.000111402
0.000128714
2.49312e-05
0.000118548
9.91159e-05
9.59794e-05
9.39615e-05
0.000120118
8.03188e-05
8.86653e-05
9.69579e-05
0.000115301
8.92456e-05
8.70248e-05
0.000113162
0.000133283
0.00011415
8.44017e-05
8.34211e-05
0.000128369
0.000100071
9.40461e-05
0.000114108
0.000108786
0.000126459
8.80191e-05
0.00010337
2.49312e-05
9.58869e-05
0.000123
0.000100769
5.70651e-05
8.77667e-05
9.44894e-05
0.000111335
0.000115878
0.000148045
2.49312e-05
2.49312e-05
8.76525e-05
0.000113436
0.000111411
0.000104842
0.000115651
2.49312e-05
9.33443e-05
0.00011173
0.000113141
8.91483e-05
0.000132365
8.35868e-05
0.000121802
9.11802e-05
0.000120248
0.000118257
0.000109521
0.000108508
0.00012004
0.000132615
8.34814e-05
8.63999e-05
0.000104036
0.000103134
7.68542e-05
0.000101479
9.78984e-05
0.000144582
6.95236e-05
0.000108229
8.47886e-05
0.000111148
9.43265e-05
6.04975e-05
0.000121007
0.000108779
0.000101962
0.000111822
0.000100306
8.34799e-05
0.000122909
0.000129743
9.19401e-05
0.000103179
9.35838e-05
0.000132447
9.35272e-05
0.000156817
6.21116e-05
0.000116122
0.000103949
0.000128856
0.000123821
0.000126392
0.000118728
8.16719e-05
9.03063e-05
0.000102025
0.000115484
0.000121725
7.86306e-05
8.57228e-05
2.49312e-05
8.97539e-05
0.000126124
9.95707e-05
0.000113738
7.3874e-05
9.00913e-05
0.000110773
9.26532e-05
0.000100237
0.000102988
0.000113528
9.02752e-05
9.82098e-05
9.34112e-05
8.06687e-05
0.000109633
0.000110821
9.08377e-05
8.67244e-05
9.2801e-05
0.000114136
9.14248e-05
8.69297e-05
0.000110151
9.67864e-05
0.000115762
8.51882e-05
4.87139e-05
9.63415e-05
8.52715e-05
8.77104e-05
0.000102133
0.000115024
0.000100903
0.000101378
0.000116151
9.88006e-05
7.16722e-05
0.000147044
2.49312e-05
8.22519e-05
0.000103542
0.000131122
0.000119694
2.49312e-05
9.3169e-05
2.49312e-05
9.80969e-05
0.000120613
0.000127038
0.000111838
0.000125585
5.95987e-05
0.000112603
0.000104964
0.000121198
0.000132846
0.000172081
0.00012007
8.80818e-05
9.73182e-05
8.99119e-05
2.49312e-05
0.000126281
0.000129828
9.87166e-05
0.000136772
0.000110154
0.000111157
0.000113521
0.000112179
7.20175e-05
0.000121775
0.000114742
7.86366e-05
9.19533e-05
0.000138586
5.23197e-05
0.000102735
7.44972e-05
0.000126828
0.000138132
9.39492e-05
8.94159e-05
0.00011282
0.00011481
9.26047e-05
2.49312e-05
8.1657e-05
0.000102333
0.000123431
0.000104202
9.17728e-05
9.46506e-05
2.49312e-05
0.000125701
0.000137491
0.000122175
0.000118808
7.92836e-05
9.93334e-05
0.000123775
0.000125269
0.000154689
0.000143783
0.000136444
8.6647e-05
0.000128172
0.00012202
0.000102549
8.92388e-05
6.45593e-05
0.00012537
0.000101595
0.000110091
7.86648e-05
0.000103087
0.00016684
8.23672e-05
8.96008e-05
8.77206e-05
0.000100945
0.000126771
0.000128619
2.49312e-05
8.81389e-05
0.000103034
8.70867e-05
0.000101225
0.000186602
0.000116448
9.14918e-05
9.76431e-05
9.20017e-05
7.9404e-05
0.000136475
9.89647e-05
0.0001289
8.31227e-05
8.15944e-05
0.000114621
0.000140597
0.000116791
0.000109056
8.03725e-05
6.69295e-05
0.000111264
0.000103364
0.000120569
9.91473e-05
9.91028e-05
9.95234e-05
0.000116255
0.000123179
0.000102069
0.000102746
2.49312e-05
0.000110384
0.000102445
0.000134923
8.33928e-05
9.00309e-05
0.00011487
6.34872e-05
9.94223e-05
9.58732e-05
0.000102184
0.000105663
6.80976e-05
0.00010685
0.000107447
6.53315e-05
0.000100253
9.53474e-05
7.39011e-05
0.000132164
0.000107425
0.000116003
9.79367e-05
0.00013516
0.0001228
0.00012131
0.000104271
0.000130159
0.000102199
0.000146346
0.000134816
8.95018e-05
0.000143168
9.06127e-05
9.56567e-05
9.63666e-05
0.000135756
9.38609e-05
8.14072e-05
0.000110333
5.61362e-05
0.00012115
8.8794e-05
0.000119139
2.49312e-05
9.81432e-05
0.000133468
0.000105935
8.59485e-05
0.000141543
0.000120313
0.000112504
0.00011725
0.000118331
0.000114853
0.000104594
0.000117506
8.4859e-05
0.000125627
0.00016533
9.19802e-05
9.13682e-05
7.36399e-05
0.000149848
7.63491e-05
9.60886e-05
8.75993e-05
0.000140632
9.73239e-05
9.86385e-05
7.53785e-05
9.2742e-05
7.75371e-05
2.49312e-05
7.82604e-05
0.000132632
0.000118121
8.06663e-05
9.55047e-05
2.49312e-05
0.000127277
0.000112154
0.000120672
0.00010037
0.000124735
2.49312e-05
8.07542e-05
0.000118407
0.000107252
7.6437e-05
6.68774e-05
0.000106417
9.11377e-05
0.000130068
9.44143e-05
8.31167e-05
0.000109749
7.45715e-05
0.000117348
0.000114321
5.88756e-05
0.00011816
7.64144e-05
0.000128806
0.000142059
0.00016083
8.51552e-05
0.000109912
5.75337e-05
0.000122766
0.000109017
8.07339e-05
0.000135472
0.000101772
0.000110126
8.02229e-05
9.78784e-05
9.02583e-05
2.49312e-05
4.7291e-05
7.7738e-05
2.49312e-05
0.000127018
0.000113037
9.60461e-05
6.14309e-05
0.000122
8.49576e-05
9.94133e-05
0.000138038
0.000121124
0.000112199
2.49312e-05
0.000103242
0.000121973
9.31578e-05
7.98961e-05
8.00547e-05
9.36951e-05
0.000116056
0.000135654
0.00010793
0.000126766
0.000105122
0.000108172
8.66456e-05
0.000130368
9.85932e-05
0.000118287
0.000178768
0.000116118
0.000141951
2.49312e-05
9.27146e-05
0.000108915
9.61386e-05
0.000128528
0.000123893
9.23557e-05
2.49312e-05
9.39688e-05
7.20651e-05
8.94355e-05
9.22442e-05
0.000114187
0.000115654
0.000106751
7.36619e-05
8.92956e-05
0.000102758
7.13434e-05
8.08711e-05
7.47511e-05
0.000131413
8.24826e-05
0.000106224
2.49312e-05
0.00011933
2.49312e-05
0.000135627
0.000119347
0.000129504
0.000101856
9.57055e-05
2.49312e-05
0.0001164
6.5223e-05
2.49312e-05
9.76184e-05
0.000127337
0.00014612
6.17803e-05
9.39896e-05
9.3295e-05
9.29921e-05
8.63883e-05
7.47014e-05
8.87454e-05
7.86483e-05
9.57403e-05
0.000114592
9.58573e-05
0.000112769
0.000135143
9.62627e-05
0.000113426
8.51486e-05
0.000102995
0.000107736
8.67701e-05
0.000128953
0.0001062
0.000112307
6.10911e-05
0.000101505
0.000105569
8.41436e-05
7.04459e-05
2.49312e-05
0.000102844
0.000118382
2.49312e-05
0.000115182
0.000107982
7.38723e-05
0.000122224
2.49312e-05
0.00010705
9.22695e-05
0.00012383
0.000120477
9.0701e-05
9.1792e-05
9.92357e-05
6.41712e-05
0.000102706
8.13185e-05
9.82706e-05
0.000121848
0.000104342
0.000120955
0.000166504
0.000117166
0.000114185
7.31415e-05
9.46506e-05
7.95492e-05
0.000119533
9.23579e-05
8.34477e-05
2.49312e-05
0.000101513
7.53654e-05
8.31373e-05
0.000132029
0.000124318
2.49312e-05
0.000100525
8.6258e-05
0.000106723
0.000117371
0.000132565
8.6561e-05
8.00116e-05
0.00012291
0.000108985
0.000122169
7.07411e-05
8.4882e-05
0.000121429
8.2943e-05
8.53473e-05
8.25442e-05
2.49312e-05
9.53596e-05
0.000106176
0.000109073
0.000134224
0.000100217
0.000151867
9.53773e-05
0.000124707
8.31824e-05
0.000133272
9.1406e-05
9.16925e-05
0.00013613
7.9251e-05
0.000124557
0.000131188
0.000129246
9.34642e-05
9.82316e-05
0.000101443
9.72465e-05
0.000103357
9.55037e-05
9.30367e-05
9.88842e-05
7.52831e-05
0.000138765
0.000112769
7.96466e-05
0.000105647
0.000106991
7.88661e-05
7.7875e-05
9.424e-05
0.000114401
0.000109369
0.000110935
7.74196e-05
0.00011765
0.000130075
7.53484e-05
8.30394e-05
8.556e-05
0.000129064
9.05732e-05
9.50977e-05
0.000143005
0.000120492
9.11852e-05
9.83756e-05
0.000104773
7.41073e-05
0.00010022
7.66635e-05
0.000113989
0.000150057
0.000142653
0.00010176
0.000106638
2.49312e-05
0.00011613
0.000113294
0.00012194
9.0498e-05
0.000125737
0.000144547
0.000118133
0.000113657
0.00011912
8.26694e-05
0.00010872
0.000142593
0.000112375
8.98023e-05
0.000107841
9.63887e-05
9.45994e-05
9.19255e-05
7.61084e-05
9.87204e-05
0.000111419
0.000107827
0.000111162
0.000108003
0.000147932
9.09755e-05
7.50586e-05
0.000108547
2.49312e-05
7.8304e-05
6.93952e-05
7.91164e-05
6.88507e-05
9.39753e-05
9.53314e-05
9.21827e-05
0.000121704
0.000110896
9.62187e-05
0.000134148
9.81269e-05
8.40961e-05
8.23087e-05
8.33492e-05
0.000111558
0.000129861
0.000109168
9.9139e-05
9.26231e-05
0.000144351
7.1809e-05
2.49312e-05
9.29869e-05
0.000122895
0.000132264
0.000107099
7.17873e-05
9.31781e-05
0.000123478
0.000102232
2.49312e-05
0.000100727
9.38051e-05
7.61981e-05
6.97124e-05
8.40085e-05
0.000111676
7.09496e-05
8.75351e-05
6.08068e-05
9.04453e-05
9.85573e-05
0.0001111
7.322e-05
9.36077e-05
9.61571e-05
6.96085e-05
0.00013883
0.000116366
9.09497e-05
9.84834e-05
9.48593e-05
0.000118481
6.2977e-05
0.000104133
2.49312e-05
7.11159e-05
8.5149e-05
0.000122595
0.000119147
9.59804e-05
6.86439e-05
0.000103662
7.57043e-05
9.20562e-05
0.000129494
8.94226e-05
8.24888e-05
0.000101026
0.000113314
0.000121519
0.000104269
8.54869e-05
0.000141304
0.00010324
0.000115809
0.00011479
0.000164094
0.000108798
0.000136349
0.000114897
8.09456e-05
0.000114736
9.45005e-05
9.55199e-05
0.000138167
6.71059e-05
0.000106587
2.49312e-05
9.03687e-05
0.000161071
9.59149e-05
9.91131e-05
9.8845e-05
0.000140108
0.000124278
0.000104891
0.000103208
0.000155847
6.28145e-05
0.00013354
9.76579e-05
9.00594e-05
0.00010603
0.000114597
8.79766e-05
0.000103662
0.000123948
7.90911e-05
2.49312e-05
0.000112026
0.000106199
7.99249e-05
0.000117735
0.000106839
7.1448e-05
7.58651e-05
0.00013855
0.000153699
0.000107571
0.00010377
2.49312e-05
0.000120172
0.000107822
0.000109653
2.49312e-05
0.000115439
8.98196e-05
0.000100848
8.68033e-05
0.000105422
8.05628e-05
9.72058e-05
9.79526e-05
0.000116654
7.11661e-05
0.000109239
0.000139015
0.000103284
0.000121147
0.000109122
0.000119371
8.53495e-05
0.000103184
0.000114595
0.000114085
0.000118478
0.00014822
0.00012603
0.000110079
0.0001302
8.02324e-05
0.000116785
9.32448e-05
0.000100363
0.000110442
0.000107261
9.10071e-05
9.0644e-05
0.000112744
0.000118599
0.000120693
0.000108014
8.75656e-05
0.000112297
9.72191e-05
0.000124242
0.000117998
8.89389e-05
8.81987e-05
9.61915e-05
7.03579e-05
0.000116751
9.36842e-05
9.01481e-05
0.000104777
0.000102512
0.000108321
2.49312e-05
8.84771e-05
8.77195e-05
8.04018e-05
8.64796e-05
9.26739e-05
0.000104839
2.49312e-05
7.6066e-05
2.49312e-05
0.000112509
9.06204e-05
0.000110573
0.000113233
0.000144453
0.000118016
9.04302e-05
0.000108861
9.99607e-05
0.000123345
8.64861e-05
7.55004e-05
0.000123622
0.00011411
7.79863e-05
0.000108917
7.37984e-05
8.3549e-05
0.000113761
8.82608e-05
9.13816e-05
9.1896e-05
9.01299e-05
0.000126933
8.09412e-05
0.000135
4.28894e-05
8.57245e-05
0.000122069
6.02377e-05
7.08895e-05
2.49312e-05
8.41046e-05
7.31892e-05
0.000100342
0.000106567
0.00013999
8.40935e-05
0.000116111
0.000102699
8.17663e-05
2.49312e-05
0.000113954
8.63041e-05
2.49312e-05
8.35817e-05
0.00013122
7.49327e-05
9.4842e-05
0.000101768
0.000103652
0.000102231
9.22617e-05
0.000112067
0.000126968
0.000110827
