0.000114683
9.29749e-05
9.39621e-05
7.41139e-05
0.000104027
9.42052e-05
8.83392e-05
7.92156e-05
2.49312e-05
0.000130318
0.000135409
0.000103336
0.000168176
8.86953e-05
0.000103305
7.68878e-05
0.000112371
8.59542e-05
9.27131e-05
0.000134312
0.000126077
2.49312e-05
0.000101776
2.49312e-05
0.000100726
0.000113093
9.77661e-05
0.000133422
8.47206e-05
7.80078e-05
2.49312e-05
9.4742e-05
0.000103878
7.25821e-05
0.000129928
9.68987e-05
9.89891e-05
7.99672e-05
7.35282e-05
0.00010551
0.000115357
0.000124652
0.000123293
0.000115444
2.49312e-05
0.000121835
9.77759e-05
0.000120024
0.000118517
0.000146605
9.97729e-05
9.71785e-05
0.00011663
7.73443e-05
0.000111474
0.000142796
0.000105829
8.08311e-05
7.19835e-05
9.7318e-05
7.61607e-05
0.000105317
0.000127163
9.14426e-05
7.97427e-05
0.000120238
0.000105422
0.000108659
8.29757e-05
8.51257e-05
5.5864e-05
0.000120531
2.49312e-05
8.30278e-05
9.62236e-05
0.000121947
0.000143714
8.59892e-05
0.000118096
0.00011177
0.000124698
0.000104557
9.35609e-05
8.03142e-05
0.000121872
9.58856e-05
0.000114533
9.68209e-05
0.000107481
9.63283e-05
9.74768e-05
0.000146075
0.000127258
9.78249e-05
9.62983e-05
0.000104136
9.86154e-05
8.20125e-05
9.72647e-05
0.000100838
9.73267e-05
8.36962e-05
9.28524e-05
8.91202e-05
0.000118422
0.000119725
9.19494e-05
9.43651e-05
0.000146057
8.94806e-05
9.1172e-05
0.000113542
0.000135191
0.000122653
9.37139e-05
8.3944e-05
0.000109872
0.000129272
8.96776e-05
6.99003e-05
0.000110577
0.000102843
0.000107844
0.000104473
0.000108029
0.000112044
9.20841e-05
0.000121977
0.000123658
0.00013011
0.000115373
0.000102641
0.000127225
0.000128546
0.000145936
0.000105337
7.92977e-05
0.000131247
7.05399e-05
8.12948e-05
0.000109054
2.49312e-05
2.49312e-05
8.44515e-05
0.000120521
7.56496e-05
9.94643e-05
8.9427e-05
0.000108363
0.000108661
0.000112704
0.000141877
9.08767e-05
0.00010028
0.000128346
7.94896e-05
0.000115577
0.000115493
0.000113522
0.000128449
9.18259e-05
8.4846e-05
0.000107775
9.59531e-05
8.53304e-05
7.4773e-05
0.000109631
0.000108805
0.000153296
9.34108e-05
5.94888e-05
0.000113566
0.000117629
7.79156e-05
0.000112726
8.06516e-05
8.67223e-05
0.000116154
9.69184e-05
8.81099e-05
0.000131497
0.000108917
9.4638e-05
0.000150094
0.000117827
9.19886e-05
7.35795e-05
9.69235e-05
9.3655e-05
8.91357e-05
0.000141876
8.19492e-05
9.67377e-05
9.11626e-05
0.000121635
9.79584e-05
8.94404e-05
0.00010522
7.77277e-05
8.35906e-05
0.000107672
9.62602e-05
6.31771e-05
8.31628e-05
0.000118373
7.19792e-05
9.09763e-05
9.92367e-05
7.82035e-05
5.97029e-05
9.96724e-05
0.000120733
0.000106641
8.30351e-05
0.000103541
0.000103954
0.000119855
0.000135072
0.00010932
9.86553e-05
9.1978e-05
0.00010158
9.6714e-05
9.64441e-05
0.000108963
0.000128554
0.000117341
0.000108575
0.000127824
9.12731e-05
2.49312e-05
9.08732e-05
8.31705e-05
9.65727e-05
0.000103109
0.000107555
8.18446e-05
7.35598e-05
0.000111458
8.29086e-05
8.58082e-05
8.79868e-05
9.32119e-05
0.000133093
8.44705e-05
0.000125978
9.5739e-05
7.60693e-05
6.90457e-05
7.32905e-05
0.000113481
0.000110593
0.000129242
0.000110114
7.11686e-05
0.000119522
9.22054e-05
9.33913e-05
9.9756e-05
0.000108586
8.7644e-05
9.35655e-05
0.000111483
0.000106438
9.96299e-05
0.000104279
0.000108953
9.94405e-05
9.97729e-05
8.18446e-05
0.000104485
9.41262e-05
0.000101713
9.05646e-05
0.000132818
0.000118708
8.07338e-05
6.81356e-05
0.000119809
9.22061e-05
9.63451e-05
9.42881e-05
0.000119916
0.000109143
0.000129543
0.000127637
0.000117259
0.000147672
8.95977e-05
6.20311e-05
0.000138797
7.96414e-05
9.17059e-05
0.000105855
6.85163e-05
7.89262e-05
0.00010411
0.000105443
0.000106465
7.69435e-05
2.49312e-05
6.76289e-05
0.000122562
0.000165446
0.000118761
2.49312e-05
0.000112485
0.000119936
7.88808e-05
9.03363e-05
0.000105687
0.000113918
8.07091e-05
0.000107312
0.000127361
0.000103907
9.90279e-05
0.000111981
2.49312e-05
9.09906e-05
8.29799e-05
6.40683e-05
2.49312e-05
9.31248e-05
0.000113216
0.000110454
9.03187e-05
9.05102e-05
0.000134152
0.000103229
0.000129075
0.000113062
8.92524e-05
8.99863e-05
0.000127976
7.28323e-05
0.000126619
6.35094e-05
2.49312e-05
0.00011218
7.66362e-05
8.97528e-05
0.000117254
9.93654e-05
9.71628e-05
0.000118667
2.49312e-05
5.7817e-05
0.000106949
6.87964e-05
0.000101581
0.000118717
9.33251e-05
2.49312e-05
8.94078e-05
0.000105754
0.000125744
9.46037e-05
9.61704e-05
0.00013162
0.000122006
2.49312e-05
0.000114705
0.000138824
0.000123831
9.69356e-05
8.69124e-05
8.80504e-05
9.60922e-05
9.41773e-05
0.000154386
8.99927e-05
8.72456e-05
0.000105587
0.000129521
2.49312e-05
0.000109037
0.000100419
2.49312e-05
0.000122679
8.37086e-05
0.000130564
0.000105645
0.000114391
7.86431e-05
0.000114818
8.11541e-05
6.18668e-05
7.55453e-05
9.61497e-05
0.000140399
8.85305e-05
8.7313e-05
0.000131163
0.000122245
0.000102467
0.000115352
0.000113366
8.9719e-05
0.000152428
9.02661e-05
9.6143e-05
2.49312e-05
0.000111188
0.000109112
0.000110731
7.55156e-05
0.000104733
0.000101851
9.2475e-05
0.000115623
9.85958e-05
9.31519e-05
0.000114017
5.51433e-05
0.000106641
0.000114842
7.98959e-05
9.3918e-05
0.000103452
8.73398e-05
0.000159594
0.000115801
0.000106633
6.23e-05
9.39167e-05
0.000100401
8.70365e-05
0.000115808
9.45962e-05
9.7351e-05
8.81538e-05
7.03197e-05
9.75892e-05
0.000102577
9.20532e-05
8.91212e-05
0.000101314
0.000115576
0.000117649
0.000101716
5.70132e-05
7.85082e-05
8.56434e-05
9.1441e-05
0.000101922
8.70583e-05
8.49809e-05
0.000141071
9.25792e-05
8.64375e-05
0.000100251
2.49312e-05
0.000116451
0.000113211
8.87473e-05
0.000131845
0.000115207
9.31522e-05
0.000129983
0.000134285
0.000106171
0.00010445
9.04869e-05
0.000119567
8.68629e-05
0.000115106
7.12543e-05
0.000118925
2.49312e-05
0.000103995
9.23695e-05
0.000118661
0.000122515
9.84335e-05
0.000118522
0.00014683
9.36201e-05
0.000113336
6.8574e-05
2.49312e-05
7.65901e-05
0.000137988
0.000105014
7.94165e-05
9.02808e-05
0.000136114
0.000111327
7.58122e-05
2.49312e-05
0.000126551
6.60461e-05
9.60303e-05
9.78959e-05
8.2352e-05
9.72297e-05
8.84303e-05
0.000103398
8.15748e-05
0.000123455
8.61996e-05
9.38791e-05
8.23e-05
0.000120694
0.000115351
0.000130442
0.000122983
0.000116113
0.000115594
0.000104468
0.00012223
6.46307e-05
9.82145e-05
0.000148995
8.5822e-05
8.92728e-05
0.000113904
9.07972e-05
8.65723e-05
0.000116343
0.000154668
9.01162e-05
8.19053e-05
0.00011631
5.82331e-05
0.000123627
7.86225e-05
0.00012666
8.48084e-05
0.000108126
0.000139453
0.000110102
0.000104082
5.16443e-05
7.65737e-05
0.000125664
9.86684e-05
0.000128028
7.80288e-05
0.000120378
7.31658e-05
0.000154899
9.57502e-05
7.90998e-05
8.50167e-05
0.000127079
7.819e-05
8.03221e-05
8.67586e-05
9.17878e-05
0.000105651
8.84235e-05
0.000118613
0.000162593
9.38095e-05
9.42946e-05
0.00010687
9.65998e-05
0.000106405
0.000101972
8.54304e-05
9.92346e-05
0.000126286
0.000113308
6.26084e-05
2.49312e-05
0.000112456
0.000128388
0.000158644
9.28783e-05
0.0001403
0.000102867
0.000126874
0.000134847
8.52003e-05
0.000116737
9.37311e-05
0.000105753
0.000127739
8.07019e-05
8.36624e-05
8.46058e-05
8.05217e-05
0.00012504
2.49312e-05
0.000114261
8.79899e-05
9.31542e-05
8.95828e-05
0.000104286
0.000101169
8.47489e-05
0.000140578
9.22521e-05
0.000102108
2.49312e-05
9.97996e-05
9.89877e-05
2.49312e-05
0.000110933
2.49312e-05
8.07954e-05
0.000149718
0.000116305
0.000107533
0.000132838
9.68369e-05
0.00011832
8.8456e-05
0.000118157
0.000118318
0.000109809
0.000106308
8.58067e-05
9.56989e-05
0.000107302
0.000110225
0.000121975
9.25568e-05
0.000112839
0.000127268
0.000122655
0.000114227
9.96356e-05
0.000134059
0.00012117
0.000108585
0.00010043
0.000126226
0.000108081
7.68147e-05
9.25771e-05
8.24657e-05
0.000111359
2.49312e-05
0.000147735
0.000140016
9.43714e-05
8.40792e-05
2.49312e-05
0.000101929
0.000137867
0.000141221
0.000116041
0.000101324
0.000109032
7.30783e-05
7.82154e-05
0.00013803
2.49312e-05
0.000132289
8.58266e-05
0.000102496
0.000105719
0.000100227
0.0001192
0.000127612
9.38737e-05
0.000118062
2.49312e-05
0.000140362
0.000107937
0.000103739
0.000108704
0.000106113
0.000114509
0.000118491
0.000108536
2.49312e-05
9.19604e-05
0.000121779
0.000119421
0.000111434
7.39379e-05
0.000112884
0.000104292
9.39379e-05
8.52761e-05
7.1579e-05
0.000149153
9.36199e-05
0.000127699
0.000117584
9.58069e-05
0.000130351
0.000119934
8.6818e-05
0.000114648
9.75332e-05
0.000112133
6.69782e-05
9.98655e-05
0.000113919
8.68301e-05
8.82899e-05
0.000121297
0.000103381
9.53527e-05
9.66664e-05
0.000121011
0.000125894
8.74979e-05
0.000100579
0.000118328
0.000111931
0.00011583
0.000126784
0.00012018
0.000128167
0.000121789
0.000124588
8.84088e-05
0.000102129
9.05613e-05
6.20603e-05
0.000123399
0.000131922
0.000116123
5.12771e-05
0.000111528
8.01371e-05
0.000107834
0.000133301
0.000120159
8.25157e-05
0.000126535
0.000119094
0.000111978
9.15141e-05
9.85444e-05
0.000136857
0.000101076
0.000105899
8.17699e-05
0.000119815
8.61193e-05
8.63581e-05
0.000107965
8.82759e-05
0.000135955
6.51003e-05
9.52806e-05
5.50646e-05
2.49312e-05
0.000108494
0.000119882
9.75635e-05
0.000102833
0.000120862
0.000126736
0.000101272
8.8359e-05
6.27468e-05
0.000123041
8.66653e-05
9.49535e-05
7.95417e-05
9.95337e-05
0.000101576
0.000102728
2.49312e-05
0.000104723
9.84368e-05
0.000117015
8.72708e-05
9.16107e-05
0.000113485
0.000111563
0.000100233
8.29279e-05
0.000109508
9.97534e-05
0.000104539
0.000117764
0.000121597
0.000102738
0.00011577
0.000107916
7.19438e-05
0.000102623
0.000120177
8.56929e-05
9.71392e-05
8.56668e-05
0.000108413
9.11812e-05
0.000114599
0.000128599
0.000101888
9.33357e-05
0.000117136
0.000117808
0.000122282
2.49312e-05
0.000122192
9.12621e-05
8.09695e-05
0.000100033
0.000160396
0.000124311
9.91856e-05
0.000115146
0.000135025
9.6272e-05
0.00012933
0.000105792
2.49312e-05
0.000108013
4.16064e-05
8.18666e-05
0.000119985
8.69587e-05
2.49312e-05
0.000113213
2.49312e-05
0.000141898
8.12131e-05
9.04614e-05
0.000137173
0.000130155
8.58804e-05
9.00616e-05
9.33747e-05
0.000119083
0.000151228
9.90226e-05
0.000105833
0.000121617
0.000105248
7.55654e-05
0.000105068
0.000130069
8.97895e-05
7.99948e-05
0.00012311
0.000100808
6.08772e-05
9.69833e-05
0.000108583
0.000114833
8.74744e-05
0.00010694
0.000111281
2.49312e-05
9.7851e-05
7.87791e-05
9.65266e-05
0.000123745
0.000117508
2.49312e-05
9.27551e-05
8.95187e-05
0.000126817
0.000145829
0.000105366
8.97387e-05
9.62064e-05
7.81959e-05
4.20194e-05
0.000117595
8.14832e-05
7.99869e-05
0.000102699
0.000101923
0.000138471
9.03518e-05
0.000105964
9.54892e-05
7.5338e-05
8.78289e-05
0.000102339
5.92336e-05
7.45848e-05
0.000102117
8.4794e-05
9.0643e-05
7.697e-05
0.000107067
0.00010214
0.000136335
5.63927e-05
0.000100839
0.000110841
0.000107944
0.000121482
7.50275e-05
0.000110362
0.000143985
0.000128064
8.72276e-05
0.000116729
7.44565e-05
8.83337e-05
0.00011914
0.000129606
9.58149e-05
0.000150481
8.94604e-05
0.000125288
0.000118265
0.000101798
8.19223e-05
9.01013e-05
7.64343e-05
9.81335e-05
0.000147734
8.14896e-05
0.000104965
0.000132801
9.70993e-05
9.90179e-05
0.00010036
0.000132203
9.21587e-05
0.000104822
9.87688e-05
0.000111752
9.35069e-05
7.06421e-05
9.82591e-05
9.24072e-05
2.49312e-05
0.000118645
0.00010246
0.000111957
0.000135901
9.95963e-05
0.000119276
0.000104718
8.83217e-05
0.000106949
0.000130477
8.26892e-05
0.000139836
0.000127268
0.000125548
7.0772e-05
8.29595e-05
9.16861e-05
9.78641e-05
0.000146002
7.94473e-05
8.84246e-05
0.000126279
5.10038e-05
0.00010541
6.78031e-05
9.33205e-05
0.000118895
0.000132115
0.000118299
0.000102816
0.000104471
9.7353e-05
6.56231e-05
9.85718e-05
0.000105127
9.3166e-05
0.000131061
7.4768e-05
0.000111605
0.000134647
0.000137758
0.000122826
9.36441e-05
2.49312e-05
0.000111395
8.88382e-05
0.000109391
0.000109829
0.000114059
0.000123147
0.000108141
0.000116083
0.000125605
0.0001143
0.000144476
0.000152539
0.000134406
0.000123432
0.000106553
9.20082e-05
9.21029e-05
0.000134952
8.98555e-05
0.000102347
0.000112589
8.6342e-05
9.56863e-05
0.000114403
0.000108383
5.23429e-05
0.000121388
0.000120423
9.09888e-05
0.000110799
8.63178e-05
0.000110345
2.49312e-05
0.00012793
