0.000107936
7.88687e-05
0.000101455
0.000106788
0.000100099
2.49312e-05
2.49312e-05
9.37465e-05
8.80003e-05
7.88503e-05
0.000124477
2.49312e-05
0.00013577
9.47768e-05
2.49312e-05
6.8422e-05
8.23816e-05
0.000126751
2.49312e-05
0.000120669
0.000125835
0.0001079
0.000101984
0.000104797
9.13751e-05
0.000115336
0.000112195
0.000120613
8.76483e-05
9.12835e-05
0.000155541
0.000124699
9.5619e-05
0.000129651
0.000110244
7.87819e-05
0.000120178
8.80735e-05
0.000117778
9.84942e-05
8.38552e-05
8.07861e-05
0.000123651
9.341e-05
9.63921e-05
8.2094e-05
0.000116714
0.000130429
8.05827e-05
0.000106429
8.04842e-05
0.00014203
0.000115398
0.000104286
0.000100208
9.35637e-05
9.45935e-05
0.000116677
0.000108869
0.000128516
0.000114265
0.000115184
8.8471e-05
8.81976e-05
2.49312e-05
8.67027e-05
0.000131569
0.000131696
0.000111617
9.02274e-05
2.49312e-05
0.000113566
0.00013673
9.14525e-05
2.49312e-05
6.68955e-05
7.47541e-05
8.48055e-05
8.97493e-05
0.000135143
0.000150166
0.000103287
9.97883e-05
0.000102066
0.000100225
0.000110054
9.38738e-05
9.95674e-05
7.91098e-05
9.23888e-05
9.10735e-05
9.48551e-05
9.34448e-05
9.60448e-05
7.21968e-05
0.000108104
8.39137e-05
0.000102187
0.000119527
0.00010792
0.00013453
9.14253e-05
7.14821e-05
0.000100835
9.68016e-05
9.59741e-05
8.45126e-05
0.000119711
0.000117408
8.31938e-05
0.000122507
0.000119426
8.74154e-05
0.000135779
9.75082e-05
2.49312e-05
7.23925e-05
0.000110091
0.000106189
0.000126073
0.000138384
9.57171e-05
0.000103069
6.89886e-05
0.000115512
5.75566e-05
8.10493e-05
8.36294e-05
8.24788e-05
9.94804e-05
0.000111433
7.60154e-05
0.000101326
7.64789e-05
8.14507e-05
7.73169e-05
0.000116794
0.000140791
0.000131429
0.000128051
0.000124545
2.49312e-05
8.66076e-05
0.000135921
0.000121962
7.59021e-05
9.74462e-05
6.77703e-05
8.83779e-05
8.22141e-05
2.49312e-05
8.30511e-05
0.000118538
0.000103107
9.87105e-05
8.42207e-05
9.89238e-05
0.00015405
0.000155657
0.000109724
8.84175e-05
8.56047e-05
0.000100332
9.22424e-05
0.000130395
9.26631e-05
0.000103108
9.59085e-05
7.85622e-05
8.38245e-05
0.000113251
0.000111397
0.000134705
0.000133161
0.000133202
0.000105451
0.000142095
0.000121013
0.000134092
6.97188e-05
0.000161165
2.49312e-05
0.000124032
0.000103629
7.53241e-05
7.99452e-05
0.000110665
9.81906e-05
0.000121121
7.04088e-05
0.000102094
0.000123897
9.84682e-05
0.000114269
6.08257e-05
0.000120346
0.000101332
0.000104198
0.000128821
8.40312e-05
0.000114731
0.00011794
9.09435e-05
0.000126105
9.80041e-05
7.02604e-05
7.86091e-05
0.000102395
9.83969e-05
0.000120378
0.000102867
8.26965e-05
0.000100481
5.50554e-05
0.000115981
8.54952e-05
8.79366e-05
8.95757e-05
0.000134626
6.12155e-05
0.000111476
0.000134867
9.76047e-05
0.000107101
8.51043e-05
7.04106e-05
8.02596e-05
0.000106082
7.15876e-05
0.000127791
7.1961e-05
9.63463e-05
9.86524e-05
0.00013244
0.000101055
0.000106112
8.04651e-05
0.000146427
8.94083e-05
6.78597e-05
8.113e-05
0.000101566
0.000132008
9.74817e-05
9.26565e-05
0.000126434
7.67646e-05
0.00014056
0.000121054
9.99828e-05
0.000102711
0.000106121
9.91763e-05
8.61656e-05
9.79769e-05
0.000115392
8.84332e-05
8.07378e-05
0.000109809
0.000108173
0.000102885
0.000119703
2.49312e-05
9.72063e-05
7.55705e-05
0.00011009
9.37682e-05
2.49312e-05
0.000129271
0.000125224
8.3222e-05
8.27803e-05
9.55743e-05
0.000107032
0.00012332
0.000114941
0.000107472
9.21544e-05
0.000125163
0.000147489
0.00010414
0.000128872
8.37967e-05
8.81988e-05
0.000124595
8.21864e-05
0.000114677
0.000102889
0.000100219
0.000109639
7.02147e-05
8.43401e-05
0.000100891
0.000127925
8.30367e-05
9.32338e-05
0.000115847
0.000126481
0.000104422
0.000107804
5.91333e-05
0.000131625
0.000103835
9.92378e-05
8.12984e-05
8.83211e-05
0.000105957
8.84363e-05
0.000101638
9.61601e-05
0.000128861
7.92464e-05
0.00012972
0.000101969
0.000114914
0.000121847
0.000121695
8.13963e-05
0.000141936
8.22639e-05
7.38558e-05
0.000101821
0.000103133
9.08534e-05
0.000108039
0.000104469
0.000101121
9.98644e-05
9.88996e-05
7.47486e-05
0.000118448
8.66328e-05
9.12539e-05
9.41997e-05
0.000105323
0.000108774
7.8386e-05
0.000100317
8.97924e-05
0.000114253
8.53708e-05
9.14806e-05
0.00011828
7.07562e-05
6.99705e-05
7.71762e-05
9.94563e-05
6.52194e-05
8.44481e-05
0.000117667
0.000126383
0.000125196
0.000120116
0.000109164
0.000105338
9.37302e-05
0.000108649
0.000117014
9.04869e-05
0.00018527
8.32636e-05
7.55037e-05
0.000115993
0.000121603
8.1985e-05
0.000132464
0.000105279
0.000102835
8.68304e-05
7.8584e-05
9.2946e-05
7.61863e-05
8.78506e-05
0.000132496
0.000115536
7.90427e-05
0.000104856
0.00010306
0.000127072
0.000127247
7.89409e-05
0.000100581
0.000100864
9.32247e-05
9.09213e-05
0.0001086
0.000128675
0.000130235
0.000130391
0.000154047
0.000104585
8.79106e-05
7.41218e-05
7.57283e-05
0.000100763
9.93747e-05
7.46376e-05
8.92465e-05
9.17532e-05
8.05803e-05
0.000122062
0.000123376
0.000113097
0.000124227
9.00994e-05
0.000140641
0.000100621
7.74974e-05
0.000117226
0.000126615
0.000114972
8.47125e-05
0.000111626
0.000112816
9.48453e-05
0.000111793
0.000139921
0.000112215
0.000136641
0.000144242
0.000104367
0.000126739
0.000108865
2.49312e-05
2.49312e-05
0.000119569
9.52799e-05
0.000154141
9.58546e-05
8.32547e-05
0.00013518
0.000101862
6.54602e-05
0.000130877
0.000132823
9.09033e-05
9.17986e-05
9.38516e-05
9.2433e-05
0.000115974
7.19876e-05
8.19343e-05
0.00010469
0.000114739
9.88575e-05
2.49312e-05
8.69479e-05
9.2668e-05
0.000120464
0.000104467
0.0001234
0.000105673
8.38501e-05
0.000115851
6.57389e-05
0.000131175
8.5646e-05
8.34378e-05
0.000124528
0.000123949
0.000123283
0.000103789
0.000111617
0.000103486
9.56164e-05
5.48401e-05
8.63567e-05
0.000120883
2.49312e-05
0.000105209
0.000113821
0.0001142
0.00011427
0.000109596
8.73789e-05
0.000125748
0.000106663
8.64363e-05
0.00010578
0.000105953
0.000111347
8.28186e-05
0.000126384
0.000110914
9.97002e-05
7.37767e-05
0.00011152
0.000109858
9.15001e-05
9.51966e-05
0.000102554
0.000120646
0.000103297
0.000119874
0.000122789
0.00011725
9.4462e-05
0.000122692
2.49312e-05
7.79079e-05
0.000159312
2.49312e-05
0.000120165
0.000173569
9.21925e-05
0.000144629
0.000104629
2.49312e-05
5.7416e-05
8.14621e-05
0.000117078
0.000115282
6.06173e-05
8.96567e-05
0.000110592
0.000117369
2.49312e-05
0.000103726
0.000128483
0.000114041
2.49312e-05
0.000109532
2.49312e-05
8.0593e-05
0.000130859
8.96727e-05
2.49312e-05
0.000136364
0.000105787
0.000128273
0.000117791
9.66682e-05
6.40988e-05
9.33305e-05
9.76231e-05
0.000100717
0.000110055
0.000105387
0.000123866
8.31307e-05
2.49312e-05
0.000124602
0.000102749
9.98617e-05
2.49312e-05
8.95112e-05
0.000102709
9.58112e-05
9.22445e-05
9.89808e-05
0.000110077
8.94966e-05
0.000102237
0.000111824
0.000101094
0.000100501
9.65709e-05
0.00013358
8.44741e-05
7.97582e-05
8.9272e-05
0.00013668
8.06659e-05
6.75125e-05
0.000105387
9.34692e-05
0.00010579
0.000119818
0.000116741
0.000108919
2.49312e-05
6.2297e-05
0.000107733
0.000141072
6.59385e-05
4.87318e-05
7.67924e-05
0.0001234
0.000122168
0.000164383
0.000121213
6.74828e-05
0.000127029
0.000100362
7.06747e-05
7.33189e-05
5.72149e-05
0.000119014
9.93296e-05
8.19826e-05
0.000119294
8.33995e-05
0.000112783
8.71766e-05
9.22824e-05
0.000109144
8.5187e-05
6.57795e-05
0.000101822
7.53395e-05
7.46261e-05
9.04477e-05
9.31094e-05
9.5891e-05
0.00011483
8.6085e-05
9.29128e-05
0.000126026
9.07366e-05
9.3687e-05
0.000117222
0.000125896
0.000107862
6.7837e-05
7.39289e-05
9.99607e-05
0.000107046
0.000154699
8.11406e-05
9.97181e-05
0.00010862
0.000120788
8.33289e-05
9.59303e-05
0.000130113
0.000105502
0.000102191
0.000141235
9.1124e-05
9.23983e-05
0.000114454
0.000112783
9.56439e-05
8.25384e-05
0.000115139
8.93912e-05
9.74591e-05
0.000147134
6.81359e-05
0.000110128
0.000105235
7.80481e-05
8.51227e-05
0.000107286
0.000100984
0.000129725
8.10591e-05
9.11153e-05
9.44821e-05
2.49312e-05
0.000125216
0.000125788
2.49312e-05
8.47627e-05
9.7885e-05
0.000160132
0.000143749
0.000110524
8.00863e-05
0.000112209
0.00012246
8.86751e-05
0.000127677
9.19519e-05
9.95363e-05
0.000114808
0.000130771
0.000103382
0.000118489
0.000116767
6.29507e-05
8.12699e-05
9.38614e-05
0.000100178
8.45145e-05
2.49312e-05
0.00012634
7.24372e-05
9.99558e-05
2.49312e-05
7.83029e-05
5.61036e-05
7.27416e-05
0.000100804
0.000114317
9.70505e-05
7.04091e-05
0.000108346
0.000105132
8.77185e-05
0.000107415
0.000115352
2.49312e-05
9.05871e-05
0.000128375
0.000128923
2.49312e-05
0.000107396
0.000113485
7.22315e-05
0.000124774
7.40141e-05
9.2412e-05
9.2112e-05
8.63811e-05
0.000149136
8.24165e-05
9.05485e-05
0.000119408
0.000147663
0.000110069
0.00011111
2.49312e-05
8.2382e-05
0.000122719
0.000127471
0.00011203
0.000108756
0.000106294
9.68792e-05
0.000103064
8.63148e-05
0.000102126
8.0679e-05
0.000103978
0.000108924
7.13948e-05
0.000102914
0.000122256
0.000102137
8.12702e-05
8.35109e-05
2.49312e-05
0.000101108
0.000136951
8.02181e-05
9.48575e-05
8.42102e-05
0.000127286
8.14149e-05
0.000117594
9.45167e-05
0.000118501
7.57357e-05
0.000120152
7.42152e-05
0.000125088
0.000123032
8.85292e-05
8.89588e-05
7.61767e-05
0.000125022
2.49312e-05
0.000116869
7.3512e-05
0.000103326
0.000120896
0.000104583
9.94734e-05
8.14242e-05
2.49312e-05
2.49312e-05
2.49312e-05
9.82773e-05
0.000111132
9.06794e-05
0.000137049
8.76685e-05
8.63621e-05
0.000110814
9.01082e-05
6.70656e-05
9.76339e-05
0.000110627
2.49312e-05
5.83403e-05
9.60269e-05
8.24252e-05
2.49312e-05
0.000149982
6.46187e-05
9.46478e-05
0.000120823
0.00010933
0.000110062
7.03328e-05
9.30046e-05
8.81706e-05
0.00011046
0.000100058
8.06256e-05
6.8208e-05
0.000132116
8.70652e-05
0.000101375
6.91016e-05
0.000121503
0.000144566
0.000118303
0.000117859
0.000103377
9.17798e-05
7.68615e-05
7.33718e-05
8.97789e-05
7.64144e-05
0.00011131
9.59827e-05
9.79594e-05
9.18246e-05
0.000108976
0.000105092
0.000126482
7.72814e-05
8.85112e-05
9.19955e-05
6.35517e-05
0.0001138
2.49312e-05
8.34567e-05
8.86507e-05
0.000111353
0.000130824
9.19814e-05
0.000122947
0.000101515
9.70239e-05
0.000116022
8.78953e-05
0.000116322
0.000101103
0.000103998
0.000128403
0.000139053
7.75492e-05
0.000122811
0.000127094
2.49312e-05
9.42176e-05
0.000103539
0.000120956
2.49312e-05
0.000117422
9.68249e-05
0.000106223
0.000103436
0.000121022
0.000116792
7.04004e-05
0.000120201
0.000135048
0.000132416
0.000149172
5.69567e-05
0.000111307
0.000111861
7.3028e-05
0.000117956
8.65707e-05
9.50534e-05
0.000110243
0.000120686
0.000129274
0.000132326
0.000123393
0.000128979
0.000118798
2.49312e-05
0.000123011
0.000117897
0.000113015
0.000130326
8.99091e-05
0.000129515
0.000152386
8.18551e-05
9.39972e-05
0.000121832
0.000111985
0.000117366
9.70946e-05
6.50765e-05
0.000103767
0.00010133
0.000124735
0.000123763
0.000108281
2.49312e-05
9.78393e-05
0.00010555
2.49312e-05
9.07666e-05
0.000102479
0.000119985
0.000112294
0.000135118
0.000127561
9.25267e-05
0.000160384
0.000104953
8.55874e-05
0.000165657
8.76977e-05
8.1735e-05
2.49312e-05
9.40334e-05
9.06773e-05
8.1395e-05
9.30651e-05
2.49312e-05
0.000129167
0.000111265
2.49312e-05
0.000145836
0.000112137
0.000122784
0.000116609
0.000127744
8.5885e-05
9.8908e-05
0.000105039
0.000105054
7.89335e-05
0.000118253
0.000115018
0.000126279
0.000133297
0.000142406
0.000103741
7.40522e-05
7.33543e-05
0.000103429
0.000136155
9.65293e-05
8.74325e-05
7.31337e-05
0.000112184
0.000139493
0.000103874
8.48933e-05
0.000124523
0.000105334
9.84036e-05
0.000131487
8.7391e-05
0.000115234
7.63231e-05
7.21848e-05
2.49312e-05
7.82269e-05
0.000131994
0.000108091
2.49312e-05
0.000115455
0.000109886
0.00014838
8.55371e-05
0.000143004
7.18571e-05
9.59062e-05
8.42763e-05
0.000128261
0.000105908
0.000115954
9.85005e-05
0.000103555
0.000102319
0.000138237
6.03526e-05
8.88494e-05
0.000107716
0.000110695
2.49312e-05
2.49312e-05
0.000131563
6.88079e-05
8.98894e-05
9.25469e-05
0.000111187
9.60014e-05
5.11319e-05
0.000105831
0.000120591
6.49601e-05
0.000101297
0.000114886
0.000107564
0.000127578
0.000114746
9.456e-05
0.000116587
0.000118348
8.11333e-05
0.000134056
0.000131663
0.000102286
5.60099e-05
9.02071e-05
0.000126759
7.32492e-05
