8.80919e-05
0.000116353
9.72236e-05
0.000100006
0.000116653
9.30087e-05
0.00012705
0.000118349
0.000104497
0.000117522
9.37304e-05
7.95178e-05
9.12849e-05
0.00011727
8.40108e-05
9.51333e-05
8.22696e-05
0.000108982
9.57603e-05
0.000105184
8.8599e-05
8.13273e-05
0.000110326
0.000102705
8.01071e-05
0.000131892
0.000117694
0.000106185
0.000103413
7.865e-05
0.000115208
0.000151898
0.000102453
2.49312e-05
0.000151243
9.75674e-05
0.000166605
0.000106699
0.000101834
0.000117161
0.000100399
7.53918e-05
9.93449e-05
9.38082e-05
0.000126994
0.000140494
2.49312e-05
8.79507e-05
7.84154e-05
0.000107431
0.000110688
0.000102362
0.000111614
0.000107416
2.49312e-05
9.85779e-05
8.58633e-05
6.96027e-05
0.000105564
0.000111727
8.9628e-05
0.000100868
8.97449e-05
9.81938e-05
9.33832e-05
0.000160091
0.00011312
0.000115553
8.96024e-05
2.49312e-05
0.000108692
0.000111319
9.12123e-05
0.00011601
0.000105298
0.00011288
0.000118233
8.23e-05
0.000106379
0.000109081
9.01932e-05
9.52054e-05
0.000122678
0.000123522
0.000128019
0.000103063
0.00013357
0.000127594
0.000112258
0.000100363
0.000122005
0.000122573
7.53772e-05
0.000131619
0.000113479
0.000113021
9.18747e-05
8.82473e-05
0.000121034
0.000103908
0.000126713
0.000121554
9.23839e-05
2.49312e-05
0.000112671
2.49312e-05
0.000135063
0.000113219
0.000103991
9.52241e-05
0.000116062
2.49312e-05
9.8823e-05
0.000120909
2.49312e-05
0.000145753
8.4557e-05
0.000101578
9.34951e-05
0.000122298
8.97584e-05
9.03803e-05
0.000138915
8.2724e-05
7.93087e-05
7.35734e-05
7.17235e-05
0.000101794
8.82342e-05
8.32414e-05
7.71961e-05
8.37321e-05
0.00010447
9.30158e-05
0.000106725
9.70669e-05
8.53203e-05
0.000107753
9.87862e-05
9.90075e-05
9.88394e-05
0.000129775
0.000102163
0.000102138
9.24077e-05
2.49312e-05
9.24998e-05
7.38719e-05
0.000123619
9.14171e-05
6.61687e-05
7.41096e-05
0.000101086
2.49312e-05
2.49312e-05
9.23577e-05
0.000104236
0.000140737
0.000120503
0.000104014
0.000133311
7.90082e-05
0.000139979
0.000142681
0.000100013
0.000122868
0.000152665
0.000135453
8.42914e-05
9.57919e-05
0.000115314
0.000120153
2.49312e-05
9.42177e-05
7.84761e-05
0.000102159
0.000142928
2.49312e-05
0.000107429
0.000112751
9.81053e-05
9.7743e-05
0.00010441
0.000114759
7.52365e-05
9.55727e-05
8.78888e-05
0.000125832
0.000138155
6.03086e-05
0.000135264
0.000126902
0.000120484
0.000104162
0.000121212
8.96748e-05
0.000115727
0.000103588
8.26e-05
0.000132853
7.97246e-05
9.78664e-05
9.17916e-05
7.88649e-05
0.000146286
9.96068e-05
0.000129918
9.41446e-05
0.00010761
0.000131165
9.56813e-05
0.000114401
2.49312e-05
8.12186e-05
0.000127386
0.000104125
9.37821e-05
9.47039e-05
9.18654e-05
0.000137176
0.000114556
0.000104112
8.06615e-05
9.73196e-05
0.000115879
0.000141846
0.000112758
8.18586e-05
8.33657e-05
0.000119513
7.27224e-05
0.000137748
0.000108895
9.66059e-05
0.000109931
9.8473e-05
9.19618e-05
2.49312e-05
0.000111021
9.96123e-05
9.88384e-05
0.00014285
0.000118179
0.000121733
8.5127e-05
0.00013243
0.000102402
7.51568e-05
8.30808e-05
8.64553e-05
5.83558e-05
0.000102352
0.000119987
0.000112956
9.34198e-05
5.82485e-05
9.29667e-05
6.24223e-05
0.000103461
0.000122899
0.000110986
0.000140594
0.000133958
9.97689e-05
9.89476e-05
7.80546e-05
0.000103825
0.000126726
0.000102188
0.000110744
8.07129e-05
9.58389e-05
8.2241e-05
0.000106839
0.000154304
0.000106282
8.53947e-05
0.000114848
0.000155818
0.000133798
0.000102475
9.44132e-05
9.18374e-05
5.66383e-05
0.000110037
8.38154e-05
0.000129718
0.00012086
0.000113441
7.89107e-05
0.000114682
0.000140108
8.30933e-05
0.000123524
6.74425e-05
0.000118782
0.000114989
0.000111763
9.96532e-05
0.000109534
2.49312e-05
8.67362e-05
9.96744e-05
0.0001113
0.000106943
0.000128615
0.000109855
7.67642e-05
0.000106026
0.00010805
7.93429e-05
0.000153447
8.43488e-05
0.00012457
0.000166604
0.000140491
0.000141129
0.000103203
0.00014956
9.36872e-05
0.000118745
8.18281e-05
9.65856e-05
0.000101984
0.000113981
9.00611e-05
7.80031e-05
0.000100672
8.47016e-05
9.60341e-05
0.000127171
0.000103924
0.000111578
0.000100248
5.90965e-05
0.000124279
9.60507e-05
0.000129948
0.000114327
0.000106069
0.000111639
0.00010878
2.49312e-05
0.000119916
8.75491e-05
0.000131229
0.00011962
0.00011449
0.000104134
7.99674e-05
0.000111255
9.18825e-05
7.36266e-05
0.000115408
0.000133409
9.73691e-05
0.000102729
0.000120779
0.000114862
6.99355e-05
8.04575e-05
8.57681e-05
0.000129131
0.000108466
9.64571e-05
2.49312e-05
0.000103124
0.000116202
0.000103348
0.000141734
9.44157e-05
0.000119015
0.000118917
0.000126608
8.33032e-05
0.000109779
0.000106489
8.76294e-05
0.000103971
8.77976e-05
9.26742e-05
2.49312e-05
9.8364e-05
0.000101249
0.000122688
0.000122111
0.000111354
2.49312e-05
8.39752e-05
8.26231e-05
0.000127917
7.83722e-05
7.81588e-05
7.64772e-05
0.000103048
8.99916e-05
0.000112635
0.000111634
0.000112959
0.00010961
0.000123586
0.000106156
0.000128812
9.31672e-05
0.0001042
0.000128345
0.000120872
0.000100135
8.73433e-05
9.61668e-05
0.00013591
0.000115828
0.000129002
8.59144e-05
0.000109101
9.47679e-05
0.000124715
0.000102286
0.000122608
0.000104809
0.00011999
9.35125e-05
0.000118505
0.000113258
0.000106576
2.49312e-05
0.000123649
8.24048e-05
0.000120615
2.49312e-05
9.34759e-05
0.000107702
9.66845e-05
0.000134935
0.000104434
0.000109344
9.29841e-05
0.000122752
7.93556e-05
2.49312e-05
2.49312e-05
0.00012554
8.94641e-05
2.49312e-05
0.00011911
9.75219e-05
7.71579e-05
9.58619e-05
0.000107432
0.000113733
8.4734e-05
0.000105413
0.000109453
0.000143271
7.41196e-05
0.000104199
0.000114926
9.6923e-05
0.000132391
7.78266e-05
0.000115478
0.000132258
0.000123549
6.59629e-05
0.000112475
8.11136e-05
9.21677e-05
8.01049e-05
7.62771e-05
0.000100981
2.49312e-05
0.000108489
0.000116183
0.000116774
0.000114306
2.49312e-05
8.60661e-05
0.000100068
7.47646e-05
0.000105995
0.000114571
0.000149611
2.49312e-05
0.00011307
9.79259e-05
0.000100607
0.000111958
0.00011829
7.81658e-05
0.000116124
0.000102678
0.000129443
8.98549e-05
8.49406e-05
9.6808e-05
8.47296e-05
0.000105336
8.93793e-05
0.000115663
0.000123428
0.000107917
9.01088e-05
8.30015e-05
0.000120206
0.000118501
0.00010173
0.000115659
0.00010383
9.26123e-05
9.45367e-05
0.000102009
8.30557e-05
9.99361e-05
6.91773e-05
0.000121375
9.93147e-05
0.000101429
0.000157493
0.000112451
0.000113955
9.86162e-05
8.70845e-05
8.67981e-05
8.52325e-05
0.000118814
8.90714e-05
0.000101254
0.000116949
9.86949e-05
9.31535e-05
0.000153794
0.000145739
0.000120285
9.9231e-05
9.49076e-05
9.7687e-05
8.00462e-05
8.41465e-05
8.50746e-05
0.000116609
9.63809e-05
0.000111712
0.000111035
0.000101293
9.21212e-05
9.58055e-05
0.000113255
0.000101299
0.000117088
9.70511e-05
0.000158391
0.00011571
2.49312e-05
9.21968e-05
8.76257e-05
8.94341e-05
0.000128805
7.06575e-05
0.000102573
0.00010536
8.15028e-05
0.000159247
2.49312e-05
8.28871e-05
7.90754e-05
0.000121089
9.43645e-05
0.000101943
0.000104126
9.4382e-05
0.000123829
0.00010036
8.75143e-05
0.000121865
5.66423e-05
8.0906e-05
0.000114614
9.17664e-05
2.49312e-05
0.000125912
0.000124374
2.49312e-05
8.86939e-05
0.000112531
0.000104772
0.000143603
8.70976e-05
0.000112646
0.00010714
0.0001308
0.000111281
0.000117957
0.000121118
0.00012654
0.000124896
0.000112105
7.54045e-05
9.8468e-05
0.000111093
0.000103242
0.000142664
0.000126557
0.000168177
7.22764e-05
9.18151e-05
0.000128542
9.67071e-05
7.76093e-05
7.80312e-05
0.000121821
0.000102786
0.000126064
2.49312e-05
0.000108097
8.73371e-05
0.000117116
7.86676e-05
9.27933e-05
0.00011501
9.22233e-05
0.000125887
9.10526e-05
0.000106865
0.000130446
0.000147602
0.000102187
0.000105624
8.53275e-05
0.000109094
8.95898e-05
7.41697e-05
0.000131871
9.36147e-05
0.000107647
0.000116122
0.000102607
2.49312e-05
9.06647e-05
8.59337e-05
0.000132816
0.000120172
7.68987e-05
0.000133631
7.32098e-05
0.000143972
7.92241e-05
9.46911e-05
2.49312e-05
2.49312e-05
9.17852e-05
9.75447e-05
0.000116163
0.000111914
9.14744e-05
0.000134539
8.53291e-05
0.000132029
8.05177e-05
8.65085e-05
7.53338e-05
0.000148472
7.64968e-05
0.000150065
0.000114745
0.000118516
0.000146302
9.61633e-05
0.000111541
8.76291e-05
8.63009e-05
9.25958e-05
0.000121143
8.3837e-05
8.20514e-05
0.0001144
8.52843e-05
0.000123383
7.4696e-05
0.000126541
7.10136e-05
0.000113268
9.31478e-05
0.000105545
9.0563e-05
0.000107505
0.000103163
8.92932e-05
9.38756e-05
0.000106416
0.000120213
0.000105219
7.47005e-05
9.73811e-05
9.94577e-05
9.23904e-05
0.000104148
0.00012049
9.08615e-05
8.95546e-05
0.000120622
0.000100946
0.000110183
2.49312e-05
7.08703e-05
8.69672e-05
7.01922e-05
9.92119e-05
0.000104426
8.79609e-05
8.52862e-05
0.000127696
0.000103714
2.49312e-05
0.000105337
7.06989e-05
5.94316e-05
0.000144545
9.0976e-05
0.000101772
0.000123304
8.99674e-05
0.000106793
9.54252e-05
0.000122563
0.000119155
0.000109181
0.000108999
9.52778e-05
8.51502e-05
0.00012084
9.55795e-05
0.000125766
0.000119308
0.000110338
9.04506e-05
0.000123645
7.76359e-05
0.000119047
0.000126409
9.22472e-05
0.000114063
0.000124654
0.000115633
9.6282e-05
0.000134863
4.32688e-05
0.000119614
0.000136923
2.49312e-05
0.000119678
0.000113468
0.000137047
0.000103202
9.25639e-05
0.000163074
9.70079e-05
8.3109e-05
0.000132286
8.45879e-05
0.0001084
9.40811e-05
0.000104362
0.000121863
0.000111767
2.49312e-05
9.22504e-05
0.000117152
0.000111476
0.000144143
6.26521e-05
0.00014638
8.13478e-05
0.000140107
0.00010769
0.000149045
7.84894e-05
0.000145623
8.51052e-05
7.06625e-05
9.01322e-05
0.000108083
0.000104176
8.17884e-05
0.000112449
0.000141806
0.000110629
8.62697e-05
0.000142368
0.000113089
0.000120995
0.000132698
0.000112302
0.000134475
7.06126e-05
0.000115322
0.00011326
0.000146333
9.30911e-05
0.000107833
2.49312e-05
0.000149104
0.000102797
9.22712e-05
0.000118495
0.000100243
0.000118676
0.000149901
8.19808e-05
0.000105426
8.73946e-05
0.000139718
0.000102584
0.000110255
7.34064e-05
0.000110845
9.84484e-05
9.6061e-05
9.23242e-05
9.70136e-05
8.55324e-05
0.000114047
6.87613e-05
0.000101264
0.000122159
0.000134462
9.97728e-05
0.000119431
9.52383e-05
9.55333e-05
0.000131787
0.000137669
9.69698e-05
8.42388e-05
0.000152634
0.000108135
0.000124834
0.000146586
9.84735e-05
9.23419e-05
0.000104914
0.000121635
7.65039e-05
8.11087e-05
0.000143879
8.82872e-05
2.49312e-05
5.85505e-05
0.000104954
0.000128221
0.000112043
8.78734e-05
0.000108991
8.20993e-05
7.47733e-05
8.72509e-05
0.000132766
0.000118156
0.000116582
0.000108322
0.000135176
7.76023e-05
0.000110783
9.66718e-05
6.29941e-05
6.45475e-05
8.57962e-05
0.000107597
0.000111014
9.60922e-05
9.84965e-05
0.000114341
7.52185e-05
0.000113909
0.000108661
0.000125252
0.000141501
0.000100174
9.04579e-05
9.88224e-05
0.000107782
9.94281e-05
2.49312e-05
0.00012047
0.000104339
9.04486e-05
0.000114002
2.49312e-05
0.000110454
0.000101764
0.00011418
8.7933e-05
0.000120064
0.000111861
0.000110351
2.49312e-05
0.000118461
0.000101892
0.000107423
0.000102624
0.000129346
0.000120779
9.70853e-05
6.82362e-05
7.06739e-05
0.000108103
9.23574e-05
7.23659e-05
7.6122e-05
8.28017e-05
0.000110061
0.000120501
0.00012572
0.00012467
9.7643e-05
0.000161085
9.41419e-05
0.000128553
8.6735e-05
9.0105e-05
8.00066e-05
0.000118036
0.000139249
2.49312e-05
0.000108869
8.62087e-05
5.56007e-05
0.000101119
9.97039e-05
2.49312e-05
0.000112156
9.69244e-05
7.69027e-05
8.18423e-05
8.43819e-05
0.000112388
0.000124175
0.000113515
0.000155285
9.22445e-05
0.000120542
0.000124863
9.01276e-05
0.000120932
9.50988e-05
0.000122983
8.66926e-05
0.000149347
0.000115995
6.84388e-05
9.64084e-05
9.35656e-05
0.000104269
2.49312e-05
0.00011698
9.67411e-05
0.000100563
0.000112654
9.12763e-05
0.000112549
2.49312e-05
0.000113534
0.000143407
2.49312e-05
0.00012351
8.87246e-05
0.000125718
0.000115649
8.7377e-05
9.06242e-05
6.36399e-05
7.77072e-05
0.000101529
0.000121066
8.97364e-05
9.70215e-05
0.00012945
0.000123694
5.56652e-05
7.01807e-05
0.000127223
0.000149058
0.00011053
8.93692e-05
9.16766e-05
0.000127347
0.000140591
0.000131319
2.49312e-05
0.00010872
9.63157e-05
0.000117282
8.94763e-05
0.000109134
0.000119832
0.000115746
0.000102588
0.000104248
9.94613e-05
8.8195e-05
0.000112982
