# 仅供格式参考，与PageRank的结果无关
1847 0.02282974
6847 0.02282974
1777 0.01986342
6777 0.01986342
251 0.01953649
5251 0.01953649
998 0.01946437
5998 0.01946437
1324 0.01927122
6324 0.01927122
2112 0.01809527
7112 0.01809527
1197 0.01808932
6197 0.01808932
74 0.01802311
5074 0.01802311
2699 0.01781859
7699 0.01781859
2232 0.01746548
7232 0.01746548
3131 0.01631008
8131 0.01631008
1660 0.01616830
6660 0.01616830
206 0.01605693
5206 0.01605693
2218 0.01537829
7218 0.01537829
2266 0.01438363
7266 0.01438363
3185 0.00014801
8185 0.00014801
2730 0.00014692
7730 0.00014692
2446 0.00014687
7446 0.00014687
2453 0.00013864
7453 0.00013864
346 0.00013578
5346 0.00013578
3060 0.00013526
8060 0.00013526
2046 0.00013469
7046 0.00013469
2102 0.00013101
7102 0.00013101
369 0.00012912
5369 0.00012912
761 0.00012861
5761 0.00012861
2484 0.00012847
7484 0.00012847
584 0.00012725
5584 0.00012725
3164 0.00012662
8164 0.00012662
2794 0.00012617
7794 0.00012617
3140 0.00012600
8140 0.00012600
930 0.00012570
5930 0.00012570
972 0.00012521
5972 0.00012521
3215 0.00012507
8215 0.00012507
1928 0.00012492
6928 0.00012492
1907 0.00012431
6907 0.00012431
2420 0.00012403
7420 0.00012403
655 0.00012359
5655 0.00012359
3208 0.00012325
8208 0.00012325
3096 0.00012169
8096 0.00012169
556 0.00012027
5556 0.00012027
2442 0.00011981
7442 0.00011981
3221 0.00011935
8221 0.00011935
833 0.00011883
5833 0.00011883
1635 0.00011879
6635 0.00011879
3194 0.00011868
8194 0.00011868
1773 0.00011837
6773 0.00011837
2489 0.00011835
7489 0.00011835
2887 0.00011830
7887 0.00011830
2499 0.00011823
7499 0.00011823
1010 0.00011805
6010 0.00011805
