286 0.00019801
3473 0.00019580
4951 0.00019250
3890 0.00019106
7365 0.00018896
6359 0.00018761
4352 0.00018200
7032 0.00018147
7541 0.00018102
3699 0.00018047
4877 0.00017852
3242 0.00017669
6503 0.00017576
4221 0.00017495
7293 0.00017425
2276 0.00017398
1189 0.00017397
1441 0.00017158
1866 0.00017076
8602 0.00017030
5012 0.00017030
2342 0.00017017
4660 0.00016956
7353 0.00016895
1237 0.00016885
257 0.00016884
8036 0.00016871
8314 0.00016871
7633 0.00016861
2797 0.00016847
6901 0.00016775
5303 0.00016753
9602 0.00016749
7451 0.00016742
2289 0.00016717
6579 0.00016646
1522 0.00016645
7833 0.00016617
7036 0.00016596
3916 0.00016591
1312 0.00016572
2026 0.00016529
8754 0.00016513
9559 0.00016483
3279 0.00016477
4384 0.00016474
5553 0.00016464
248 0.00016455
2568 0.00016446
1279 0.00016444
3683 0.00016365
1169 0.00016355
7016 0.00016326
6180 0.00016320
8914 0.00016312
7846 0.00016310
7497 0.00016286
5798 0.00016242
6898 0.00016241
2730 0.00016216
6655 0.00016215
1890 0.00016213
8065 0.00016211
9287 0.00016196
5421 0.00016161
9367 0.00016141
6500 0.00016132
517 0.00016129
8561 0.00016126
4240 0.00016119
5568 0.00016065
3545 0.00016045
8550 0.00016039
200 0.00016029
9747 0.00016000
2645 0.00015976
3145 0.00015972
1490 0.00015963
9043 0.00015949
614 0.00015949
8517 0.00015948
1340 0.00015946
70 0.00015913
1798 0.00015908
7220 0.00015880
348 0.00015880
1042 0.00015853
7854 0.00015781
9910 0.00015780
8278 0.00015779
472 0.00015764
6158 0.00015762
3340 0.00015754
226 0.00015754
6030 0.00015750
1493 0.00015737
8937 0.00015725
9520 0.00015718
3483 0.00015699
2794 0.00015688
